0	0.45011
0.5	0.481932
1	0.521354
1.5	0.496806
2	0.460205
2.5	0.383911
3	0.475404
3.5	0.463409
4	0.422364
4.5	0.44462
5	0.467683
5.5	0.469577
6	0.443787
6.5	0.454617
7	0.499596
7.5	0.533322
8	0.571744
8.5	0.601299
9	0.632441
9.5	0.615388
10	0.616378
10.5	0.55613
11	0.563898
11.5	0.544613
12	0.571268
12.5	0.551195
13	0.555944
13.5	0.334016
14	0.381756
14.5	0.389557
15	0.403978
15.5	0.366488
16	0.317841
16.5	0.31631
17	0.336955
17.5	0.358835
18	0.358669
18.5	0.395508
19	0.434754
19.5	0.407697
20	0.440456
20.5	0.497302
21	0.560084
21.5	0.665729
22	0.560786
22.5	0.575655
23	0.61886
23.5	0.645591
24	0.594197
24.5	0.614143
25	0.58221
25.5	0.561028
26	0.565638
26.5	0.5648
27	0.567376
27.5	0.55454
28	0.557968
28.5	0.547744
29	0.537838
29.5	0.534358
30	0.559325
30.5	0.544048
31	0.548188
31.5	0.545193
32	0.509818
32.5	0.494392
33	0.5066
33.5	0.558687
34	0.548151
34.5	0.516462
35	0.53065
35.5	0.530715
36	0.547686
36.5	0.556833
37	0.393539
37.5	0.305579
38	0.3047
38.5	0.297661
39	0.355674
39.5	0.395946
40	0.409431
40.5	0.401351
41	0.380856
41.5	0.359434
42	0.325126
42.5	0.325527
43	0.356375
43.5	0.351006
44	0.379058
44.5	0.412607
45	0.428688
45.5	0.421768
46	0.426197
46.5	0.427491
47	0.447114
47.5	0.443931
48	0.4311
48.5	0.4409
49	0.43321
49.5	0.433313
50	0.44259
50.5	0.446893
51	0.454486
51.5	0.424269
52	0.428323
52.5	0.416938
53	0.379393
53.5	0.35993
54	0.358015
54.5	0.332394
55	0.342764
55.5	0.339099
56	0.339473
56.5	0.360287
57	0.3694
57.5	0.375181
58	0.340558
58.5	0.315587
59	0.33611
59.5	0.331067
60	0.325133
60.5	0.335435
61	0.33376
61.5	0.323104
62	0.314656
62.5	0.309327
63	0.312506
63.5	0.278603
64	0.223473
64.5	0.232999
65	0.226326
65.5	0.23243
66	0.242638
66.5	0.233822
67	0.226625
67.5	0.210498
68	0.211659
68.5	0.23597
69	0.234231
69.5	0.223798
70	0.237354
70.5	0.260679
71	0.249451
71.5	0.251622
72	0.287204
72.5	0.284493
73	0.289446
73.5	0.310586
74	0.302975
74.5	0.2938
75	0.283807
75.5	0.290729
76	0.269572
76.5	0.300846
77	0.284004
77.5	0.3029
78	0.315308
78.5	0.3238
79	0.333683
79.5	0.34301
80	0.349375
80.5	0.366652
81	0.371719
81.5	0.347378
82	0.361294
82.5	0.35489
83	0.353554
83.5	0.358124
84	0.334492
84.5	0.330266
85	0.304494
85.5	0.326297
86	0.30589
86.5	0.392026
87	0.407954
87.5	0.395476
88	0.362748
88.5	0.365949
89	0.38001
89.5	0.349457
90	0.353051
90.5	0.421497
91	0.420877
91.5	0.33478
92	0.322077
92.5	0.232493
93	0.238905
93.5	0.271802
94	0.295331
94.5	0.245827
95	0.321057
95.5	0.361644
96	0.419502
96.5	0.416543
97	0.389266
97.5	0.394231
98	0.397281
98.5	0.41064
99	0.424135
99.5	0.3251
100	0.461489
100.5	0.449094
101	0.45492
101.5	0.326685
102	0.357847
102.5	0.392843
103	0.443294
103.5	0.443941
104	0.455176
104.5	0.451701
105	0.378762
105.5	0.366078
106	0.372771
106.5	0.392096
107	0.412037
107.5	0.410543
108	0.385604
108.5	0.331068
109	0.353816
109.5	0.373898
110	0.378972
110.5	0.336917
111	0.357912
111.5	0.372925
112	0.356208
112.5	0.364764
113	0.391673
113.5	0.383677
114	0.384533
114.5	0.393579
115	0.340538
115.5	0.365144
116	0.413427
116.5	0.402459
117	0.369943
117.5	0.368157
118	0.427142
118.5	0.450257
119	0.464034
119.5	0.410453
120	0.38775
120.5	0.394681
121	0.361832
121.5	0.388448
122	0.360503
122.5	0.427403
123	0.403342
123.5	0.423827
124	0.449408
124.5	0.431995
125	0.502298
125.5	0.64
126	0.63064
126.5	0.632964
127	0.53084
127.5	0.685371
128	0.564845
128.5	0.533417
129	0.492483
129.5	0.417608
130	0.3898
130.5	0.417983
131	0.383283
131.5	0.356482
132	0.265817
132.5	0.282283
133	0.28665
133.5	0.343383
134	0.376678
134.5	0.351273
135	0.38435
135.5	0.417827
136	0.418455
136.5	0.495318
137	0.496625
137.5	0.514273
138	0.4681
138.5	0.42565
139	0.416491
139.5	0.445409
140	0.409683
140.5	0.5043
141	0.4255
141.5	0.3934
142	0.442667
142.5	0.455967
143	0.444067
143.5	0.4402
144	0.411133
144.5	0.424867
145	0.492633
145.5	0.469767
146	0.46335
146.5	0.425633
147	0.358733
147.5	0.453367
148	0.4042
148.5	0.408467
149	0.471633
149.5	0.418733
150	0.4602
150.5	0.4016
151	0.28108
151.5	0.362433
152	0.39502
152.5	0.39124
153	0.379317
153.5	0.36724
154	0.421433
154.5	0.39878
155	0.400717
155.5	0.4114
156	0.39399
156.5	0.42642
157	0.422748
157.5	0.392943
158	0.438352
158.5	0.444524
159	0.426643
159.5	0.36157
160	0.423245
160.5	0.399733
161	0.43809
161.5	0.478443
162	0.490248
162.5	0.44493
163	0.455255
163.5	0.44432
164	0.386427
164.5	0.36985
165	0.4636
165.5	0.447883
166	0.4881
166.5	0.473767
167	0.434178
167.5	0.407778
168	0.444787
168.5	0.424633
169	0.366233
171	0.507
171.5	0.503911
172	0.452911
172.5	0.459263
173	0.432833
173.5	0.460556
174	0.460844
174.5	0.393075
175	0.420822
175.5	0.400767
176	0.394467
176.5	0.383367
177	0.389807
177.5	0.3783
178	0.379106
178.5	0.49486
179	0.379956
179.5	0.373438
180	0.350925
180.5	0.355313
181	0.358654
181.5	0.361097
182	0.343842
182.5	0.3519
183	0.313666
183.5	0.298394
184	0.295294
184.5	0.309248
185	0.328229
185.5	0.307075
186	0.281494
186.5	0.326244
187	0.350968
187.5	0.437281
188	0.419362
188.5	0.499783
189	0.46803
189.5	0.46456
190	0.432391
190.5	0.54385
191	0.380271
191.5	0.48122
192	0.55952
192.5	0.57706
193	0.56892
193.5	0.59238
194	0.595925
194.5	0.5908
195	0.62066
195.5	0.6429
196	0.462775
196.5	0.51662
197	0.4989
197.5	0.565925
198	0.50058
198.5	0.63755
199	0.587575
199.5	0.57632
200	0.67885
200.5	0.587975
201	0.63826
201.5	0.660975
202	0.6674
202.5	0.69122
203	0.705025
203.5	0.629322
204	0.590737
204.5	0.504244
205	0.429422
205.5	0.374711
206	0.461584
206.5	0.435311
207	0.437238
211	0.540637
211.5	0.529805
212	0.483357
212.5	0.618706
213	0.5174
213.5	0.5059
214	0.494455
214.5	0.497392
215	0.5366
215.5	0.564794
216	0.521727
216.5	0.394364
217	0.447652
217.5	0.421883
218	0.368535
218.5	0.35052
219	0.400691
219.5	0.356613
220	0.329115
220.5	0.379854
221	0.396085
221.5	0.380158
222	0.382146
222.5	0.397554
223	0.422069
223.5	0.399246
224	0.377854
224.5	0.385269
225	0.343175
225.5	0.310926
226	0.30638
226.5	0.314021
227	0.302595
227.5	0.295295
228	0.30757
228.5	0.316408
229	0.292168
229.5	0.307273
230	0.297248
230.5	0.330617
231	0.43539
231.5	0.48446
232	0.503183
232.5	0.535857
233	0.54855
233.5	0.585417
234	0.591083
234.5	0.624567
235	0.605829
235.5	0.560067
236	0.577633
236.5	0.57905
237	0.629917
237.5	0.61636
238	0.716583
238.5	0.75364
239	0.736017
239.5	0.7947
240	0.752467
240.5	0.79924
241	0.6912
241.5	0.620371
242	0.576357
242.5	0.637014
243	0.608071
243.5	0.544571
244	0.572657
244.5	0.5805
245	0.524487
245.5	0.4562
246	0.403017
246.5	0.35285
247	0.4555
247.5	0.53755
248	0.500217
248.5	0.41718
249	0.4889
249.5	0.4995
250	0.5026
250.5	0.5024
251	0.4696
251.5	0.52785
252	0.5249
252.5	0.48725
253	0.4746
253.5	0.50625
254	0.414
254.5	0.46735
255	0.47726
255.5	0.476733
256	0.4892
256.5	0.477917
257	0.49328
257.5	0.467417
258	0.4893
258.5	0.4698
259	0.4706
259.5	0.475917
260	0.5081
260.5	0.4813
261	0.51416
261.5	0.460733
262	0.47546
262.5	0.516267
263	0.46027
263.5	0.413492
264	0.398833
264.5	0.3881
265	0.402525
265.5	0.37575
266	0.35945
266.5	0.368123
267	0.368517
267.5	0.374817
268	0.425758
268.5	0.363367
269	0.374742
269.5	0.410867
270	0.383092
270.5	0.388146
271	0.390742
271.5	0.3529
272	0.361
272.5	0.3647
273	0.32195
273.5	0.369608
274	0.329783
274.5	0.355162
275	0.364108
275.5	0.416442
276	0.502654
276.5	0.379967
277	0.41172
277.5	0.51566
278	0.54861
278.5	0.465456
279	0.45503
281	0.528125
281.5	0.539933
282	0.537333
282.5	0.56795
283	0.5751
283.5	0.596667
284	0.643633
284.5	0.640767
285	0.657567
285.5	0.662125
286	0.686659
286.5	0.67539
287	0.611405
287.5	0.511242
288	0.522286
288.5	0.600714
289	0.566714
289.5	0.557714
290	0.591163
290.5	0.556086
291	0.557329
291.5	0.442257
292	0.42625
292.5	0.44226
293	0.4514
293.5	0.48748
294	0.46872
294.5	0.483125
295	0.46622
295.5	0.42855
296	0.43542
296.5	0.439675
297	0.38466
297.5	0.324075
298	0.334975
298.5	0.348433
299	0.335825
299.5	0.3678
300	0.33125
300.5	0.474425
301	0.49225
301.5	0.503375
302	0.422525
302.5	0.570375
303	0.583886
303.5	0.49515
304	0.533233
304.5	0.6082
305	0.5688
305.5	0.6795
306	0.639
306.5	0.65895
307	0.5813
307.5	0.532425
308	0.63165
308.5	0.608588
309	0.612175
309.5	0.5983
310	0.645137
310.5	0.617262
311	0.6172
313	0.506
313.5	0.548675
314	0.594235
314.5	0.588888
315	0.630519
315.5	0.628553
316	0.645981
316.5	0.566359
317	0.485046
317.5	0.557625
318	0.617222
318.5	0.557875
319	0.560137
319.5	0.571367
320	0.600825
320.5	0.647575
321	0.59945
321.5	0.533022
322	0.643625
322.5	0.660256
323	0.649764
323.5	0.704673
324	0.700373
324.5	0.78569
325	1.02209
325.5	1.2483
326	1.18614
326.5	1.056595
327	1.185895
327.5	1.343757
328	1.312438
328.5	1.199686
329	1.212814
329.5	1.056933
330	0.9687
330.5	1.02115
331	1.155686
331.5	1.2295
332	0.918225
332.5	1.1138
333	1.148557
333.5	0.984712
334	0.83685
334.5	0.619775
335	0.671112
335.5	0.675462
336	0.628275
336.5	0.578763
337	0.559937
337.5	0.468314
338	0.531833
338.5	0.488922
339	0.465825
339.5	0.373656
340	0.416256
340.5	0.370762
341	0.379229
341.5	0.484229
342	0.453571
342.5	0.43345
343	0.371271
343.5	0.406771
344	0.389814
344.5	0.469629
345	0.441471
345.5	0.496275
346	0.497457
346.5	0.536786
347	0.528
347.5	0.5331
348	0.496513
348.5	0.590571
349	0.5487
349.5	0.517543
350	0.457386
350.5	0.454817
351	0.441729
351.5	0.491633
352	0.52115
352.5	0.4173
353	0.435657
353.5	0.413217
354	0.469267
354.5	0.475233
355	0.452857
355.5	0.4519
356	0.4504
356.5	0.4559
357	0.4302
357.5	0.4845
358	0.477867
358.5	0.496686
359	0.519883
359.5	0.500833
360	0.445883
360.5	0.507086
361	0.498217
361.5	0.523633
362	0.520388
362.5	0.509588
363	0.582412
363.5	0.483322
364	0.363275
367.5	0.584814
368	0.627813
368.5	0.611722
369	0.5912
369.5	0.6161
370	0.595838
370.5	0.498333
371	0.503863
371.5	0.6293
372	0.558412
372.5	0.608562
373	0.570314
373.5	0.701017
374	0.662171
374.5	0.5524
375	0.579029
375.5	0.6252
376	0.674786
376.5	0.590683
377	0.535643
377.5	0.529267
378	0.52095
378.5	0.500243
379	0.510667
379.5	0.491286
380	0.55305
380.5	0.597829
381	0.61525
381.5	0.612114
382	0.577317
382.5	0.519686
383	0.5754
383.5	0.556729
384	0.614083
384.5	0.6021
385	0.573183
385.5	0.623086
386	0.604967
386.5	0.61215
387	0.570428
387.5	0.53359
388	0.532955
388.5	0.486727
389	0.581158
389.5	0.601427
390	0.563564
390.5	0.61384
392	0.568633
392.5	0.494977
393	0.543629
393.5	0.560531
394	0.6278
394.5	0.580408
395	0.586864
395.5	0.650692
396	0.640692
396.5	0.6755
397	0.715677
397.5	0.775046
398	0.780331
398.5	0.843823
399	0.933336
399.5	0.907171
400	1.042415
400.5	1.242129
401	1.572986
401.5	1.214031
402	1.520114
402.5	1.788167
403	1.847678
403.5	1.966825
404	1.919438
404.5	2.132475
405	2.326113
405.5	2.28234
406	1.878417
406.5	1.8681
407	1.2672
407.5	1.60894
408	2.11326
408.5	2.184933
409	2.03102
409.5	2.15024
410	2.3546
410.5	2.07762
411	1.85514
411.5	2.301917
412	2.02412
412.5	2.03018
413	1.91214
413.5	2.2387
414	2.14924
414.5	2.15916
415	2.120983
415.5	1.64504
416	1.70112
416.5	1.82062
417	1.616867
417.5	1.83286
418	1.63216
418.5	1.4843
419	1.30924
419.5	1.015904
420	1.060658
420.5	0.927418
421	0.845871
421.5	1.019743
422	0.999817
422.5	0.554186
423	0.419257
423.5	0.71505
424	1.24055
424.5	1.103336
425	0.833614
425.5	0.760936
426	0.674464
426.5	0.662762
427	0.663524
427.5	0.64624
428	0.640228
428.5	0.487264
429	0.494964
429.5	0.47802
430	0.471804
430.5	0.444448
431	0.425695
431.5	0.43891
432	0.428382
432.5	0.416545
433	0.4503
433.5	0.455136
434	0.4288
434.5	0.4623
435	0.42976
435.5	0.465255
436	0.468109
436.5	0.486655
437	0.504618
437.5	0.533933
438	0.492882
438.5	0.534117
439	0.474545
439.5	0.443273
440	0.430817
440.5	0.424482
441	0.36032
441.5	0.35355
442	0.39208
442.5	0.4431
443	0.527267
443.5	0.496173
444	0.537071
444.5	0.530014
445	0.524414
445.5	0.548986
446	0.508129
446.5	0.5406
447	0.5648
447.5	0.5384
448	0.472371
448.5	0.437714
449	0.486557
449.5	0.4172
450	0.447786
450.5	0.495843
451	0.493986
451.5	0.498843
452	0.528529
452.5	0.510883
453	0.493829
453.5	0.544214
454	0.5125
454.5	0.532329
455	0.550214
455.5	0.515887
456	0.465762
456.5	0.433643
457	0.444212
457.5	0.421912
458	0.457929
458.5	0.417575
459	0.429163
459.5	0.443837
460	0.425225
460.5	0.426357
461	0.461175
461.5	0.44425
462	0.4412
462.5	0.430857
463	0.395575
463.5	0.412313
464	0.406114
464.5	0.428975
465	0.4265
465.5	0.384314
466	0.39695
466.5	0.4712
467	0.509162
467.5	0.4926
468	0.396575
468.5	0.372763
469	0.376608
469.5	0.3872
470	0.406692
470.5	0.653962
471	0.689162
471.5	0.626767
472	0.6412
472.5	0.663067
473	0.5482
473.5	0.5091
474	0.4954
474.5	0.395833
475	0.383367
475.5	0.44376
476	0.54655
476.5	0.51732
477	0.52922
477.5	0.501333
478	0.5213
478.5	0.537383
479	0.5071
479.5	0.60945
480	0.60972
480.5	0.531325
481	0.701787
483.5	0.758583
484	0.749971
484.5	0.753453
485	0.695361
485.5	0.695124
486	0.622212
486.5	0.709406
487	0.648947
487.5	0.763606
488	0.894229
488.5	0.704444
489	0.643829
489.5	0.639088
490	0.602965
490.5	0.645088
491	0.684823
491.5	0.73555
492	0.75276
492.5	0.67705
493	0.70122
493.5	0.67255
494	0.6067
494.5	0.72515
497.5	0.77655
498	0.842533
498.5	0.840633
499	0.707933
499.5	0.8063
500	0.851433
500.5	0.821633
501	0.73
501.5	0.754067
502	0.9025
502.5	0.846
503	0.737
503.5	0.8264
504	0.8477
504.5	0.800367
505	0.775867
505.5	0.711333
506	0.711367
506.5	0.782567
507	0.704467
507.5	0.786567
508	0.761733
508.5	0.58
509	0.614
509.5	0.798
510	0.869167
510.5	0.971333
511	0.95648
511.5	0.890943
512	0.804529
512.5	0.72035
513	0.58165
513.5	0.830247
514	0.8441
515	0.766938
515.5	0.715686
516	0.7248
516.5	0.720133
517	0.77358
517.5	0.742333
518	0.678125
518.5	0.7437
519	0.85155
519.5	0.788875
520	0.852567
520.5	0.8174
521	0.907067
521.5	0.79525
522	0.754733
522.5	0.785475
523	0.7279
523.5	0.79545
524	0.808
524.5	0.761867
525	0.76185
525.5	0.740833
526	0.673125
526.5	0.662133
527	0.582175
527.5	0.728533
528	0.782625
528.5	0.729375
529	0.7316
529.5	0.80865
530	0.747067
530.5	0.867375
531	0.707667
531.5	0.779
532	0.802967
532.5	0.74816
533	0.529009
533.5	0.517936
534	0.570282
534.5	0.536
535	0.4841
535.5	0.542164
536	0.5487
536.5	0.49966
537	0.59998
537.5	0.62806
538	0.632511
538.5	0.63354
539	0.56898
539.5	0.573711
540	0.56642
540.5	0.54958
541	0.501967
541.5	0.432
542	0.5839
542.5	0.4965
543	0.460575
543.5	0.5345
544	0.5527
544.5	0.584275
545	0.501
545.5	0.59075
546	0.53788
546.5	0.611675
547	0.5142
547.5	0.574775
548	0.5384
548.5	0.5121
549	0.529675
549.5	0.55164
550	0.61715
550.5	0.6579
551	0.552483
551.5	0.649283
553	0.69095
553.5	0.781438
554	0.754286
554.5	0.648425
555	0.637086
555.5	0.599863
556	0.5842
556.5	0.677457
557	0.6124
557.5	0.600471
558	0.646788
558.5	0.622114
559	0.640775
559.5	0.597729
560	0.588162
560.5	0.522625
561	0.50403
561.5	0.624836
562	0.63906
562.5	0.613
563	0.612627
563.5	0.65724
564	0.63582
564.5	0.6967
565	0.74605
565.5	0.76136
566	0.73605
566.5	0.719167
567	0.80735
567.5	0.8248
568	0.883867
568.5	0.8053
569	0.8072
569.5	0.835975
570	0.8015
570.5	0.907875
571	0.900325
571.5	0.8925
572	0.976575
572.5	0.97526
573	0.82842
573.5	0.93058
574	0.85485
574.5	1.0376
575	0.935154
575.5	0.90475
576	0.845354
576.5	0.858
577	0.758833
577.5	0.489992
578	0.926446
578.5	0.894617
579	0.836108
579.5	0.709908
580	0.6337
581.5	0.576786
582	0.637724
582.5	0.583486
583	0.588505
583.5	0.4552
584	0.434683
584.5	0.377657
585	0.484214
585.5	0.427929
586	0.479614
586.5	0.489514
587	0.4701
587.5	0.4374
588	0.409675
588.5	0.391314
589	0.410817
589.5	0.576557
590	0.605614
590.5	0.617509
591	0.678257
591.5	0.688021
592	0.663957
592.5	0.587686
593	0.547209
596.5	0.7084
597	0.659646
597.5	0.696364
598	0.717509
598.5	0.702518
599	0.666664
599.5	0.700136
600	0.643233
600.5	0.69044
601	0.68085
601.5	0.60626
602	0.68826
602.5	0.71398
603	0.71624
603.5	0.6693
604	0.62906
604.5	0.602713
605	0.541883
605.5	0.552336
606	0.5199
606.5	0.565273
607	0.533609
607.5	0.564218
608	0.640718
608.5	0.679442
609	0.680491
609.5	0.650975
610	0.761793
610.5	0.773061
611	0.763917
611.5	0.750444
612	0.757289
612.5	0.695956
613	0.86648
613.5	1.04094
614	0.97646
614.5	0.86692
615	0.7393
615.5	0.721525
616	0.95328
616.5	0.85254
617	0.69955
617.5	0.6341
618	0.52745
618.5	0.557125
619	0.556725
619.5	0.5843
620	0.54535
620.5	0.677125
621	0.57775
621.5	0.60135
622	0.6032
622.5	0.60055
623	0.56396
623.5	0.493175
624	0.47115
624.5	0.542225
625	0.5124
625.5	0.476675
626	0.413475
626.5	0.45694
627	0.45062
627.5	0.499122
628	0.53272
628.5	0.552944
629	0.4962
629.5	0.487578
630	0.49022
630.5	0.429089
631	0.53612
631.5	0.497467
632	0.51625
632.5	0.481956
633	0.52793
633.5	0.581011
634	0.49015
634.5	0.48195
637.5	0.6238
638	0.62495
638.5	0.563733
639	0.54665
639.5	0.5428
640	0.545
640.5	0.573
641	0.57885
641.5	0.6254
642	0.58545
642.5	0.574067
643	0.559825
643.5	0.593
644	0.616933
644.5	0.6198
645	0.615767
645.5	0.5631
646	0.576233
646.5	0.5846
647	0.61685
647.5	0.6328
648	0.71875
648.5	0.680567
649	0.6255
649.5	0.5831
650	0.606333
650.5	0.64855
651	0.593217
651.5	0.615857
652	0.5662
652.5	0.581971
653	0.537214
653.5	0.485443
654	0.533143
654.5	0.5802
655	0.590286
655.5	0.5766
656	0.5519
656.5	0.513922
657	0.520922
657.5	0.493387
658	0.456822
658.5	0.486178
659	0.5234
659.5	0.447544
660	0.540333
660.5	0.528138
661	0.479311
661.5	0.4202
662	0.442378
662.5	0.458364
663	0.469473
663.5	0.537545
664	0.513564
664.5	0.591809
665	0.57562
665.5	0.629555
666	0.528675
668.5	0.500189
669	0.541409
669.5	0.53713
670	0.534518
670.5	0.514836
671	0.579491
671.5	0.548909
672	0.516418
672.5	0.498255
673	0.438564
673.5	0.51017
674	0.472655
674.5	0.475009
675	0.474109
675.5	0.455482
676	0.481491
676.5	0.446345
677	0.380371
677.5	0.383877
678	0.422987
678.5	0.407043
679	0.385992
679.5	0.354021
680	0.361186
680.5	0.372229
681	0.561962
681.5	0.546736
682	0.52455
682.5	0.553795
683	0.64847
683.5	0.769768
684	0.74795
684.5	0.760436
685	0.81246
685.5	0.87113
687.5	0.5897
688	0.74491
688.5	0.938312
689	0.9854
689.5	0.9689
690	0.949286
690.5	0.96295
691	1.080257
691.5	0.977086
692	1.133429
692.5	1.134475
693	1.063629
693.5	1.211814
694	1.313871
694.5	1.117471
695	1.068987
695.5	1.156129
696	1.1862
696.5	1.312692
697	0.882288
697.5	0.842929
698	0.8067
698.5	0.814724
699	0.7928
699.5	0.865682
700	0.85995
700.5	0.693867
703.5	0.640327
704	0.640988
704.5	0.685
705	0.615119
705.5	0.589606
706	0.521906
706.5	0.48432
708.5	0.700233
709	0.640236
709.5	0.700209
710	0.64494
710.5	0.702536
711	0.6782
711.5	0.632412
712	0.632175
712.5	0.594343
713	0.46072
714	0.443075
714.5	0.364
715	0.613275
715.5	0.532453
716	0.511107
716.5	0.48974
717	0.464393
717.5	0.436413
718	0.455083
718.5	0.50556
719	0.5039
719.5	0.53432
720	0.59864
720.5	0.66476
721	0.6306
721.5	0.72984
722	0.79995
722.5	0.63942
723	0.57582
723.5	0.4075
724	0.5299
724.5	0.5892
725	0.5445
725.5	0.62514
726	0.6556
726.5	0.72238
727	0.74928
727.5	0.76235
728	0.796042
728.5	0.781533
729	0.764293
729.5	0.489053
730	0.555544
732	0.801881
732.5	0.856714
733	0.7328
733.5	0.788214
734	0.746817
734.5	0.6922
735	0.67055
735.5	0.681283
736	0.617329
736.5	0.622267
737	0.5431
737.5	0.5832
738	0.601171
738.5	0.646
739	0.659086
739.5	0.6529
740	0.535967
740.5	0.661817
741	0.61802
741.5	0.63792
742	0.56408
742.5	0.58365
743	0.564383
743.5	0.59645
744	0.567386
744.5	0.58945
745	0.604167
745.5	0.603233
746	0.57475
746.5	0.634086
747	0.5686
747.5	0.60895
748	0.637083
748.5	0.550257
749	0.585667
749.5	0.6118
750	0.574633
750.5	0.5036
751	0.551767
751.5	0.576033
752	0.538567
752.5	0.51305
753	0.4805
753.5	0.486567
754	0.542333
754.5	0.524683
755	0.6073
755.5	0.595114
756	0.565414
756.5	0.762457
757	0.625843
757.5	0.5321
758	0.621586
758.5	0.658157
759	0.58132
760	0.73297
760.5	0.621
761	0.609367
761.5	0.7654
762	0.82225
762.5	0.714867
763	0.7057
763.5	0.7695
764	0.7452
764.5	0.68375
765	0.71405
765.5	0.798133
766	0.71805
766.5	0.70825
767	0.6076
767.5	0.5829
768	0.6334
768.5	0.659543
769	0.574914
769.5	0.594757
770	0.6628
770.5	0.7464
771	0.746829
771.5	0.704086
772	0.7825
772.5	0.723571
773	0.712486
773.5	0.662757
774	0.678314
774.5	0.597271
775	0.590857
775.5	0.682143
776	0.694157
776.5	0.665671
777	0.64695
777.5	0.7021
778	0.69775
778.5	0.73594
779	0.647075
779.5	0.725425
780	0.805651
780.5	0.999739
781	1.116567
781.5	1.016575
782	1.018833
782.5	0.8985
783	0.898775
783.5	0.9134
784	0.8151
784.5	0.776775
785	0.730467
785.5	0.7382
786	0.688333
786.5	0.653267
787	0.605775
787.5	0.613333
788	0.5965
788.5	0.573625
789	0.5571
789.5	0.508525
790	0.56295
790.5	0.5124
791	0.5233
791.5	0.518267
792	0.4735
792.5	0.468725
793	0.428433
793.5	0.464936
794	0.453464
794.5	0.460364
795	0.412667
795.5	0.507727
796	0.506636
796.5	0.517409
797	0.512045
797.5	0.571127
798	0.551273
798.5	0.607408
799	0.552042
799.5	0.513952
800	0.514152
800.5	0.531471
801.5	0.510417
802	0.526275
802.5	0.5926
803	0.67976
803.5	0.567425
804	0.6066
804.5	0.60545
805	0.61614
805.5	0.708875
806	0.609875
806.5	0.73916
807	0.712225
807.5	0.7481
808	0.6678
808.5	0.63622
809	0.602233
809.5	0.580033
810	0.661073
810.5	0.70932
811	0.652693
812.5	0.457464
813	0.64124
813.5	0.674013
814	0.490181
814.5	0.641766
815	0.715478
815.5	0.754187
816	0.777867
816.5	0.790189
817	0.690038
817.5	0.585
818	0.433656
818.5	0.480175
819	0.445356
819.5	0.743089
820	0.73575
820.5	0.7688
821	0.712744
821.5	0.572075
822	0.774678
822.5	0.8427
823	0.74085
823.5	0.679144
824	0.766117
826	0.6363
826.5	0.6086
827	0.4857
827.5	0.50335
828	0.4653
828.5	0.4178
829	0.43525
829.5	0.40855
830	0.450767
830.5	0.533767
831	0.5069
831.5	0.496667
832	0.5619
832.5	0.7077
833	0.787567
833.5	0.752733
834	0.7735
834.5	0.6847
835	0.764567
835.5	0.704733
836	0.687
836.5	0.8273
837	0.6546
837.5	0.6151
838	0.709
838.5	0.6732
839	0.6875
839.5	0.6955
840	0.661
840.5	0.6593
841	0.6259
841.5	0.5096
842	0.6425
842.5	0.681
843	0.5906
843.5	0.6144
844	0.506
844.5	0.5818
845	0.625967
845.5	0.626367
846	0.636
846.5	0.595267
847	0.5663
847.5	0.461833
848	0.852867
848.5	0.6939
849	0.621
849.5	0.6669
850	0.7358
850.5	0.617333
851	0.643567
851.5	0.7032
852	0.6847
852.5	0.814733
853	0.708533
853.5	0.7545
854	0.720533
854.5	0.81816
855	0.80668
855.5	0.895075
856	0.77384
856.5	0.7886
857	0.83016
857.5	0.831525
858	0.805717
858.5	0.717104
859	0.705696
859.5	0.607526
860	0.619862
860.5	0.630663
861	0.677926
861.5	0.791721
862	0.820809
862.5	0.9148
863	0.794808
863.5	0.943313
864	0.822575
864.5	0.758354
865	0.59231
865.5	0.68817
866	0.735233
866.5	0.61589
867	0.71118
867.5	0.610089
868	0.6276
868.5	0.57663
869	0.527122
869.5	0.49213
870	0.439222
870.5	0.4529
871	0.414143
871.5	0.409387
872	0.412475
872.5	0.4621
873	0.4626
873.5	0.4713
874	0.518857
874.5	0.581638
875	0.548113
875.5	0.621357
876	0.57416
876.5	0.556475
877	0.618025
877.5	0.6121
878	0.6202
878.5	0.56625
879	0.588725
879.5	0.5637
880	0.5887
880.5	0.522167
881	0.565875
881.5	0.6106
882	0.536625
882.5	0.569725
883	0.4527
883.5	0.478075
884	0.51
884.5	0.576175
885	0.570175
885.5	0.570275
886	0.555475
886.5	0.632625
887	0.489875
887.5	0.50425
888	0.50015
888.5	0.486475
889	0.513017
889.5	0.516278
890	0.503856
890.5	0.46244
891	0.475833
891.5	0.502778
892	0.4587
892.5	0.520967
893	0.582367
893.5	0.653611
894	0.651167
894.5	0.739411
895	0.681867
895.5	0.699275
896	0.810667
896.5	0.804175
897	0.837033
897.5	0.699125
898	0.762733
898.5	0.716175
899	0.655367
899.5	0.71125
900	0.689267
900.5	0.67645
901	0.6108
901.5	0.60675
902	0.7277
902.5	0.62906
903	0.648475
903.5	0.630525
904	0.68404
904.5	0.72205
905	0.746175
905.5	0.61905
906	0.63314
906.5	0.7294
907	0.7379
907.5	0.71658
908	0.75055
908.5	0.6945
909	0.68215
909.5	0.7184
910	0.64375
910.5	0.6052
911	0.6912
911.5	0.7023
912	0.6632
912.5	0.6768
913	0.71635
913.5	0.70035
914	0.66285
914.5	0.7119
915	0.76405
915.5	0.7469
916	0.737843
916.5	0.579993
917	0.567046
917.5	0.568184
918	0.470882
918.5	0.453171
919	0.458611
919.5	0.464617
920	0.410943
920.5	0.410643
921	0.4159
921.5	0.4428
922	0.496142
922.5	0.466976
923	0.398882
923.5	0.384465
924	0.450756
924.5	0.498217
925	0.584553
925.5	0.6665
927	0.45415
927.5	0.473125
928	0.446111
928.5	0.417344
929	0.517589
929.5	0.622111
930	0.699333
930.5	0.706367
931	0.771413
931.5	0.8116
932	0.806644
932.5	0.865011
933	0.7884
933.5	0.765211
934	0.768027
934.5	0.730008
935	0.711573
935.5	0.725445
936	0.711367
936.5	0.700927
937	0.708836
937.5	0.706775
938	0.738764
938.5	0.714855
939	0.740433
939.5	0.7658
940	0.751518
940.5	0.821133
941	0.898545
941.5	0.803473
942	0.831545
942.5	0.85795
943	1.014238
943.5	1.028
944	1.012337
944.5	0.995
945	1.131075
945.5	1.058525
946	0.977825
946.5	0.946325
947	0.80985
947.5	0.81105
948	0.5274
948.5	0.47664
949	0.513525
949.5	0.76136
950	1.0997
950.5	1.220275
951	1.055375
951.5	1.061175
952	1.09974
952.5	1.07542
953	0.99794
953.5	1.1019
954	1.098117
954.5	1.0481
955	1.13922
955.5	1.07694
956	1.0324
956.5	0.989425
957	0.987633
957.5	0.87345
958	0.79965
958.5	0.8582
959	0.683609
959.5	0.607933
960	0.510303
961.5	0.471776
962.5	0.461885
963	0.457705
963.5	0.441221
964	0.399545
964.5	0.433971
965	0.4499
965.5	0.4404
966	0.474314
966.5	0.553414
967	0.6683
967.5	0.65565
968	0.5194
968.5	0.473529
969	0.609157
969.5	0.68245
970	0.607633
970.5	0.62195
971	0.5877
971.5	0.5876
972	0.563667
972.5	0.70995
973	0.6686
973.5	0.647367
974	0.5904
974.5	0.673
975	0.732033
975.5	0.75368
976	0.841086
976.5	0.760713
977	0.807533
977.5	0.78565
978	0.705525
978.5	0.768767
979	0.711513
979.5	0.71777
980	0.714409
980.5	0.72877
981	0.66027
981.5	0.65413
982	0.593364
982.5	0.59956
983	0.61704
983.5	0.57002
984	0.468791
984.5	0.45082
985	0.546075
985.5	0.624833
986	0.5646
986.5	0.565075
987	0.6462
987.5	0.60995
988	0.5935
988.5	0.773967
989	0.733525
989.5	0.735475
990	0.69765
990.5	0.645809
991	0.678312
991.5	0.790414
992	0.7469
992.5	0.89734
993	0.825817
993.5	0.87246
994	0.81215
994.5	0.85162
995	0.88002
995.5	0.853083
996	0.88554
996.5	0.909467
997	0.869567
997.5	0.8498
998	0.8175
998.5	0.84336
999	0.854217
999.5	0.820283
1000	0.750156
1000.5	0.759227
1001	0.715
1001.5	0.72188
1002	0.647573
1002.5	0.66082
1003	0.5468
1003.5	0.760967
1004	0.733463
1004.5	0.724475
1005	0.7479
1005.5	0.677778
1006	0.521025
1006.5	0.62705
1007	0.622437
1007.5	0.625588
1008	0.5325
1008.5	0.565425
1009	0.80375
1009.5	0.755962
1010	0.693475
1010.5	0.7591
1011	0.797562
1011.5	0.577875
1012	0.573811
1012.5	0.61335
1013	0.657273
1013.5	0.663491
1014	0.679383
1014.5	0.774125
1015	0.800983
1015.5	0.8988
1016	0.85433
1016.5	0.8415
1017	0.77118
1017.5	0.80604
1018	0.9052
1018.5	0.91618
1019	0.85312
1019.5	0.84734
1020	0.81718
1020.5	0.6028
1021	0.57648
1021.5	0.70952
1022	0.66016
1022.5	0.6873
1023	0.744857
1023.5	0.802809
1024	0.734927
1024.5	0.692891
1025	0.717917
1025.5	0.639045
1026	0.719927
1026.5	0.60471
1028	0.936967
1028.5	0.846425
1029	0.880375
1029.5	0.741875
1030	0.699175
1030.5	0.81945
1031	0.8128
1031.5	0.82775
1032	0.7847
1032.5	0.717775
1033	0.7795
1033.5	0.6947
1034	0.692275
1034.5	0.70105
1035	0.6971
1035.5	0.650025
1036	0.514888
1036.5	0.553667
1037	0.564237
1037.5	0.534822
1038	0.539587
1038.5	0.557862
1039	0.546989
1039.5	0.669463
1040	0.601467
1040.5	0.619575
1041	0.613587
1041.5	0.606067
1042	0.679038
1042.5	0.6721
1043	0.67036
1043.5	0.59816
1044	0.690167
1044.5	0.67812
1045	0.71292
1045.5	0.66858
1046	0.627917
1046.5	0.626917
1047	0.5767
1047.5	0.624317
1048	0.611917
1048.5	0.63906
1049	0.583367
1049.5	0.635183
1050	0.6482
1050.5	0.623575
1051	0.5618
1051.5	0.620067
1052	0.525733
1052.5	0.613275
1053	0.531167
1053.5	0.5716
1054	0.597325
1054.5	0.502525
1055	0.496425
1055.5	0.563825
1056	0.560175
1056.5	0.59405
1057	0.513425
1057.5	0.4827
1058	0.46995
1058.5	0.43585
1059	0.47672
1059.5	0.4794
1060	0.54548
1060.5	0.53362
1061	0.56204
1061.5	0.5385
1062	0.58657
1062.5	0.636206
1063	0.630562
1063.5	0.7134
1064	0.817275
1064.5	0.885875
1065	0.90572
1065.5	1.043067
1066	1.194683
1066.5	1.363867
1067	1.5848
1067.5	1.5603
1068	1.4618
1068.5	1.366883
1069	1.512557
1069.5	1.569617
1070	1.723429
1070.5	1.758683
1071	1.7386
1071.5	1.993662
1072	1.881667
1072.5	1.57586
1073	1.36368
1073.5	1.32374
1074	1.692889
1074.5	1.47955
1075	1.5242
1075.5	1.29285
1076	1.1629
1076.5	1.3248
1077	1.2314
1077.5	1.3427
1078	1.217375
1078.5	1.235933
1079	1.353275
1079.5	1.00965
1080	0.88625
1080.5	0.9806
1081	1.1507
1081.5	1.1908
1082	0.82965
1082.5	1.1628
1083	1.28155
1083.5	1.3055
1084	1.14054
1084.5	1.081533
1085	0.728629
1085.5	0.593767
1086	0.84525
1086.5	0.887086
1087	1.009533
1087.5	0.859829
1088	0.92435
1088.5	0.8859
1089	0.896483
1089.5	0.837067
1090	0.824957
1090.5	0.75105
1091	0.752971
1091.5	0.701833
1092	0.7134
1092.5	0.784633
1093	0.725608
1093.5	0.627677
1094	0.657279
1094.5	0.646393
1095	0.688977
1095.5	0.653971
1096	0.622037
1097	0.696962
1097.5	0.650818
1098	0.58709
1099	0.70213
1099.5	0.581271
1100	0.536424
1100.5	0.564376
1101	0.4973
1101.5	0.525
1102	0.567429
1102.5	0.6125
1103	0.668683
1103.5	0.73795
1104	0.721957
1104.5	0.735167
1105	0.864071
1105.5	0.714643
1106	0.621867
1106.5	0.631114
1107	0.841433
1107.5	0.802128
1108	0.784807
1108.5	0.77347
1109	0.782665
1109.5	0.727729
1110	0.77058
1111	0.734543
1111.5	0.652482
1113	0.716007
1113.5	0.664075
1114	0.559021
1114.5	0.43415
1115	0.4359
1115.5	0.456858
1116	0.474508
1116.5	0.473808
1117	0.500592
1117.5	0.543785
1118	0.522692
1118.5	0.487275
1119	0.503115
1119.5	0.51355
1120	0.548436
1120.5	0.518136
1121	0.461473
1121.5	0.441018
1122	0.407755
1122.5	0.5545
1123	0.525618
1123.5	0.431918
1124	0.465164
1124.5	0.536955
1125	0.519455
1125.5	0.4635
1126	0.645064
1126.5	0.679455
1127	0.674309
1127.5	0.699629
1129.5	0.663118
1130	0.698309
1130.5	0.829082
1131	0.835773
1131.5	0.87256
1132	0.84335
1132.5	0.820625
1133	0.721575
1133.5	0.757775
1134	0.794875
1134.5	0.670225
1135	0.634925
1135.5	0.67704
1136	0.6467
1141.5	0.75694
1142	0.71026
1142.5	0.70906
1143	0.716675
1143.5	0.7499
1144	0.75382
1144.5	0.70575
1145	0.69266
1145.5	0.67752
1146	0.67695
1146.5	0.6336
1147	0.5932
1147.5	0.6975
1148	0.6756
1148.5	0.66564
1149	0.641725
1149.5	0.63722
1150	0.57826
1150.5	0.69215
1151	0.6468
1151.5	0.66004
1152	0.630625
1152.5	0.685367
1153	0.678733
1153.5	0.737667
1154	0.5584
1154.5	0.7169
1155	0.724433
1155.5	0.91545
1156	0.825467
1156.5	0.8815
1157	0.87386
1157.5	0.7472
1158	0.763271
1158.5	0.794875
1159	0.850614
1159.5	0.798525
1160	0.801475
1160.5	0.762243
1161	0.760538
1161.5	0.827243
1162	0.896438
1162.5	0.83145
1163	0.843886
1163.5	0.824575
1164	0.8096
1164.5	0.820887
1165	0.780643
1165.5	0.8424
1166	0.8008
1166.5	0.757371
1167	0.810475
1167.5	0.836071
1168	0.800114
1168.5	0.838163
1169	0.688675
1169.5	0.861729
1170	0.890225
1170.5	0.811229
1171	0.8546
1171.5	0.823771
1172	0.833625
1172.5	0.765575
1173	0.773
1173.5	0.7605
1174	0.806775
1174.5	0.67265
1175	0.7353
1175.5	0.73992
1176	0.70025
1176.5	0.68376
1177	0.719125
1177.5	0.726425
1178	0.72804
1178.5	0.732271
1179	0.707786
1179.5	0.745488
1180	0.722157
1180.5	0.718943
1181	0.750737
1181.5	0.762314
1182	0.7909
1182.5	0.787086
1183	0.825725
1183.5	0.714057
1184	0.757729
1184.5	0.742813
1185	0.815471
1185.5	0.8107
1186	0.798688
1186.5	0.806186
1187	0.757357
1187.5	0.7664
1188	0.822262
1188.5	0.697412
1189	0.692412
1189.5	0.60735
1190	0.675122
1190.5	0.694975
1191	0.7278
1192.5	0.71938
1193	0.629776
1193.5	0.645925
1194	0.597454
1194.5	0.589012
1195	0.547272
1195.5	0.595169
1196	0.5562
1197.5	0.540962
1198	0.570738
1198.5	0.5779
1199	0.5913
1199.5	0.57065
1200	0.60525
1200.5	0.67466
1201	0.662583
1201.5	0.588683
1202	0.712667
1202.5	0.677867
1203	0.67026
1203.5	0.752433
1204	0.6842
1204.5	0.747133
1205	0.721667
1205.5	0.691733
1206	0.71585
1206.5	0.6783
1207	0.67665
1207.5	0.713433
1208	0.6563
1208.5	0.75665
1209	0.724
1209.5	0.612
1210	0.5238
1210.5	0.5327
1211	0.46624
1211.5	0.56815
1212	0.55264
1212.5	0.5405
1213	0.5621
1213.5	0.61284
1214	0.57716
1214.5	0.548675
1215	0.54186
1215.5	0.54766
1216	0.55985
1216.5	0.596875
1217	0.620433
1217.5	0.62085
1218	0.693467
1218.5	0.644625
1219	0.768233
1219.5	0.723775
1220	0.6448
1220.5	0.641725
1221	0.7229
1221.5	0.824525
1222	0.762967
1222.5	0.69845
1223	0.8649
1223.5	0.672275
1224	0.805267
1224.5	0.68155
1225	0.758233
1225.5	0.88215
1226	0.790433
1226.5	0.843675
1227	0.749967
1227.5	0.789475
1228	0.960767
1228.5	0.765025
1229	0.844467
1229.5	0.804775
1230	0.9731
1230.5	0.860482
1231	0.806182
1231.5	0.9682
1232	0.884764
1232.5	0.891718
1233	0.822273
1233.5	0.757755
1234	0.72898
1234.5	0.825575
1235	0.864025
1235.5	0.7589
1236	0.7663
1236.5	0.803875
1237	0.795025
1237.5	0.81358
1238	0.78975
1238.5	0.8961
1239	0.85488
1239.5	0.77135
1240	0.75338
1240.5	0.7504
1241	0.76825
1241.5	0.68234
1242	0.729783
1242.5	0.701825
1243	0.751885
1243.5	0.740952
1244	0.73447
1244.5	0.573407
1245	0.69825
1245.5	0.678178
1246	0.624752
1246.5	0.503659
1247	0.490954
1247.5	0.422778
1248	0.367333
1248.5	0.342271
1249	0.385029
1249.5	0.368829
1250	0.359771
1250.5	0.359033
1251	0.350714
1251.5	0.327043
1252	0.34243
1252.5	0.335964
1253	0.3105
1253.5	0.296464
1254	0.31965
1254.5	0.340683
1255	0.393331
1255.5	0.471869
1256	0.633183
1256.5	0.574277
1257	0.556333
1257.5	0.549173
1258.5	0.5931
1259	0.56802
1259.5	0.567533
1260	0.61664
1260.5	0.65242
1261	0.67336
1261.5	0.646133
1262	0.48745
1262.5	0.4923
1263	0.4984
1263.5	0.598567
1264	0.579586
1264.5	0.6576
1265	0.693471
1265.5	0.688657
1266	0.6761
1266.5	0.602533
1267	0.597171
1267.5	0.553829
1268	0.51644
1268.5	0.5795
1269	0.49646
1269.5	0.49026
1270	0.53936
1270.5	0.602233
1271	0.58996
1271.5	0.65662
1272	0.607683
1272.5	0.597067
1273	0.661664
1273.5	0.65493
1274	0.73765
1276.5	1.07115
1277	0.861209
1277.5	0.756967
1279	0.8212
1279.5	0.818005
1280	0.719054
1280.5	0.959957
1281	0.829117
1281.5	0.778343
1282	0.7917
1282.5	0.690529
1283	0.662233
1283.5	0.698086
1284	0.525233
1284.5	0.679986
1285	0.729233
1285.5	0.694943
1286	0.667017
1286.5	0.725228
1287	0.657
1287.5	0.723886
1288	0.609083
1288.5	0.606586
1289	0.538467
1289.5	0.587229
1290	0.521708
1290.5	0.588247
1291	0.573389
1291.5	0.542258
1292	0.609217
1292.5	0.487521
1293	0.562426
1293.5	0.523894
1294	0.549679
1294.5	0.470867
1295	0.529574
1295.5	0.439884
1296	0.464894
1296.5	0.4315
1297	0.563733
1297.5	0.5595
1298	0.46745
1298.5	0.545922
1299	0.599122
1299.5	0.673422
1300	0.549456
1300.5	0.600378
1301	0.646567
1301.5	0.67024
1302	0.6983
1302.5	0.666022
1303	0.775967
1303.5	0.699411
1304	0.700556
1304.5	0.59998
1305	0.659333
1305.5	0.712467
1306	0.646656
1306.5	0.75711
1307	0.74346
1307.5	0.820222
1308	0.753783
1309.5	0.719575
1310	0.970767
1310.5	0.9742
1311	0.89688
1311.5	0.898617
1312	0.80094
1312.5	0.74084
1313	0.691
1313.5	0.71268
1314	0.8692
1314.5	0.9878
1315	0.971783
1315.5	1.01366
1316	0.931728
1316.5	0.98015
1317	1.045973
1317.5	0.906729
1318	0.750186
1318.5	0.90812
1319	0.818307
1319.5	0.85056
1320	0.87216
1320.5	0.768
1321	0.68686
1321.5	0.7125
1322	0.73278
1322.5	0.6855
1323	0.54886
1323.5	0.60428
1324	0.62274
1324.5	0.712383
1325	0.65598
1325.5	0.6442
1326	0.59686
1326.5	0.5845
1327	0.61958
1327.5	0.67794
1328	0.68964
1328.5	0.60814
1329	0.5975
1329.5	0.627783
1330	0.58335
1330.5	0.5891
1331	0.580367
1331.5	0.664
1332	0.623386
1332.5	0.570217
1333	0.587667
1333.5	0.607933
1334	0.614943
1334.5	0.652083
1335	0.584083
1335.5	0.606171
1336	0.659583
1336.5	0.607483
1337	0.528871
1337.5	0.547
1338	0.511373
1338.5	0.515064
1339	0.473273
1339.5	0.458755
1340	0.471878
1340.5	0.4484
1341	0.4877
1341.5	0.48305
1342	0.566233
1342.5	0.5042
1343	0.561225
1343.5	0.6037
1344	0.63404
1344.5	0.552767
1345	0.81855
1345.5	0.558067
1346	0.596333
1346.5	0.63785
1347	0.593633
1347.5	0.464533
1348	0.6058
1348.5	0.652983
1349	0.720231
1349.5	0.685154
1350	0.79795
1350.5	0.874938
1351	0.953192
1351.5	0.908777
1352	0.949908
1352.5	1.031492
1353	0.983015
1353.5	1.164767
1354	1.042671
1354.5	1.042706
1355	1.025094
1355.5	1.060513
1356	0.978113
1356.5	1.054656
1357	0.973825
1357.5	0.743331
1358	0.735375
1358.5	0.871345
1359	0.881986
1359.5	0.702021
1360	0.5523
1360.5	0.810942
1361	0.651848
1361.5	0.645531
1362	0.663124
1362.5	0.73624
1364	0.577649
1364.5	0.584497
1365	0.5785
1365.5	0.569175
1366	0.509833
1366.5	0.479867
1367	0.434267
1367.5	0.413975
1368	0.472367
1368.5	0.4449
1369	0.456525
1369.5	0.513533
1370	0.470433
1370.5	0.524233
1371	0.5477
1371.5	0.51084
1372	0.5227
1372.5	0.5173
1373	0.641
1373.5	0.62585
1374	0.5845
1374.5	0.54822
1375	0.5854
1375.5	0.6457
1376	0.609357
1376.5	0.558467
1380.5	0.69832
1381	0.698611
1381.5	0.7086
1382	0.711875
1382.5	0.68466
1383	0.67558
1383.5	0.6542
1384	0.65976
1384.5	0.764375
1385	0.7758
1385.5	0.80774
1386	0.80108
1386.5	0.77454
1387	0.86285
1387.5	0.792144
1388	0.719111
1388.5	0.734237
1389	0.82625
1389.5	0.937722
1390	0.873778
1390.5	0.830287
1391	0.820078
1391.5	0.941489
1392	0.889356
1392.5	0.8903
1393	0.944517
1393.5	0.985667
1394	0.867217
1394.5	0.827533
1395	0.756217
1395.5	0.893643
1396	0.85365
1396.5	0.895967
1397	0.933633
1397.5	0.919667
1398	0.968789
1398.5	0.925726
1399	0.946811
1399.5	0.912105
1400	0.931511
1400.5	0.897255
1401	0.953653
1401.5	0.939509
1403	0.77335
1403.5	0.713653
1404	0.835532
1404.5	0.744706
1405	0.623025
1412	0.516659
1412.5	0.482279
1413	0.42755
1413.5	0.445157
1414	0.412829
1414.5	0.465143
1415	0.559279
1415.5	0.585507
1416	0.497057
1416.5	0.57005
1417	0.628021
1417.5	0.643443
1418	0.637064
1418.5	0.524764
1419	0.58425
1419.5	0.621471
1420	0.630564
1420.5	0.618567
1421	0.4589
1421.5	0.47842
1422	0.437133
1422.5	0.42058
1423	0.43708
1423.5	0.4707
1424	0.47208
1424.5	0.48474
1425	0.47594
1425.5	0.48602
1426	0.47306
1426.5	0.5052
1427	0.47756
1427.5	0.48668
1428	0.52786
1428.5	0.50674
1429	0.51034
1429.5	0.53918
1430	0.54496
1430.5	0.54342
1431	0.5359
1431.5	0.65208
1432	0.6
1432.5	0.561562
1433	0.593985
1433.5	0.492675
1434	0.26135
1434.5	0.2866
1435	0.508833
1435.5	0.551285
1436	0.585308
1436.5	0.570277
1437	0.604419
1437.5	0.545641
1438	0.583057
1438.5	0.629636
1439	0.608368
1439.5	0.551038
1440	0.547514
1440.5	0.545381
1441	0.544132
1441.5	0.540462
1442	0.65394
1446.5	0.6529
1447	0.615547
1447.5	0.553107
1448	0.583727
1448.5	0.613338
1449	0.53015
1450	0.585708
1450.5	0.504507
1451	0.532887
1451.5	0.4974
1453.5	0.507583
1454	0.489962
1454.5	0.460454
1455	0.439508
1455.5	0.448908
1456	0.471833
1456.5	0.3879
1457	0.392468
1457.5	0.381512
1458	0.425754
1458.5	0.384327
1459	0.340074
1459.5	0.300882
1460	0.253939
1460.5	0.231368
1461	0.235435
1461.5	0.2633
1463	0.5073
1463.5	0.420248
1464	0.494637
1464.5	0.488175
1465	0.544211
1465.5	0.545511
1466	0.533756
1466.5	0.558244
1467	0.6039
1469	0.681057
1469.5	0.681367
1470	0.737289
1470.5	0.771875
1471	0.928444
1471.5	1.0732
1472	0.905555
1472.5	1.063444
1473	1.234213
1473.5	1.012667
1474	1.1513
1474.5	1.285933
1475	1.403844
1475.5	1.268886
1476	1.42254
1476.5	1.437616
1477	1.14012
1477.5	1.084267
1478	0.962167
1478.5	1.12288
1479	1.173533
1479.5	1.08352
1480	1.288867
1480.5	1.091
1481	1.205011
1481.5	1.079744
1482	1.04436
1482.5	1.047311
1483	1.00063
1483.5	0.947011
1484	0.97955
1484.5	1.041317
1485	0.995914
1485.5	1.060343
1486	1.161383
1486.5	1.087071
1487	0.97545
1487.5	0.941957
1488	1.010729
1488.5	0.92595
1489	0.914286
1489.5	0.978067
1490	0.9231
1490.5	0.878933
1491	0.654857
1491.5	0.66985
1492	0.67037
1492.5	0.6402
1493	0.57844
1493.5	0.589844
1494	0.52792
1494.5	0.5506
1495	0.46533
1495.5	0.4743
1496	0.384758
1496.5	0.402071
1497	0.4424
1497.5	0.533188
1498	0.52655
1498.5	0.5329
1499	0.505087
1499.5	0.470912
1500	0.468371
1500.5	0.448837
1501	0.4424
1501.5	0.385243
1502	0.391038
1502.5	0.347017
1503	0.379495
1503.5	0.487474
1504	0.472931
1504.5	0.471286
1505	0.4877
1505.5	0.518743
1506	0.524813
1506.5	0.523971
1507	0.5169
1507.5	0.623857
1508	0.613271
1508.5	0.626371
1509	0.713286
1509.5	0.703017
1510	0.655125
1510.5	0.74555
1511	0.63185
1511.5	0.753325
1512	0.7513
1512.5	0.749225
1513	0.77275
1513.5	0.806433
1514	0.805675
1514.5	0.85985
1515	0.847025
1515.5	0.894875
1516	0.858067
1516.5	0.9127
1517	0.794275
1517.5	0.774933
1518	0.88285
1518.5	0.893
1519	1.00435
1519.5	0.98585
1520	0.9016
1520.5	0.8905
1521	1.0557
1521.5	0.9133
1522	1.081
1522.5	0.961
1523	1.068
1523.5	0.8041
1524	0.7924
1524.5	0.87425
1525	0.7076
1525.5	0.712
1526	0.6424
1526.5	0.7199
1527	0.83621
1527.5	0.71918
1528	0.68084
1528.5	0.60059
1529	0.58459
1529.5	0.60694
1530	0.59274
1530.5	0.53663
1531	0.53149
1531.5	0.50852
1532	0.47078
1532.5	0.49833
1533	0.496947
1533.5	0.443016
1534	0.436033
1534.5	0.389711
1535	0.363983
1535.5	0.357317
1536	0.3681
1536.5	0.39905
1537	0.50032
1537.5	0.51122
1538	0.44375
1538.5	0.389
1539	0.5302
1539.5	0.53395
1540	0.489133
1540.5	0.5583
1541	0.52015
1541.5	0.5019
1542	0.48545
1542.5	0.531614
1543	0.558961
1543.5	0.641259
1544	0.624461
1544.5	0.569767
1545	0.547859
1545.5	0.504678
1546	0.494056
1546.5	0.519512
1547	0.5348
1547.5	0.481383
1548	0.566283
1548.5	0.592758
1549	0.602358
1549.5	0.59655
1550	0.59285
1550.5	0.58335
1551	0.608175
1551.5	0.679762
1552	0.777942
1552.5	0.816933
1553	0.779014
1553.5	0.722938
1554	0.774757
1554.5	0.754429
1555	0.722071
1555.5	0.710214
1556	0.707457
1556.5	0.654514
1557	0.6235
1557.5	0.599071
1558	0.588157
1558.5	0.605186
1559	0.53432
1559.5	0.61722
1560	0.51322
1560.5	0.651367
1561	0.67234
1561.5	0.62932
1562	0.63036
1562.5	0.67306
1563	0.6553
1563.5	0.6808
1564	0.63655
1564.5	0.641443
1565	0.6455
1565.5	0.639943
1566	0.651267
1566.5	0.623817
1567	0.611533
1567.5	0.644567
1568	0.608767
1568.5	0.54695
1569	0.5643
1569.5	0.5895
1570	0.5249
1570.5	0.5558
1571	0.552033
1571.5	0.578167
1572	0.501833
1572.5	0.5629
1573	0.5927
1573.5	0.5312
1574	0.5759
1574.5	0.490833
1575	0.4932
1575.5	0.52857
1576	0.49313
1576.5	0.497789
1577	0.50588
1577.5	0.51599
1578	0.54332
1578.5	0.54404
1580.5	0.644318
1581	0.592161
1581.5	0.553767
1582	0.612
1582.5	0.626263
1583	0.521311
1583.5	0.556211
1584	0.55477
1584.5	0.59191
1585	0.6494
1585.5	0.82732
1586	0.929844
1586.5	1.00008
1587	1.11605
1587.5	1.412256
1588	1.460967
1588.5	1.3065
1589	1.19045
1589.5	1.207233
1590	1.3274
1590.5	1.28694
1591	1.320533
1591.5	1.166533
1592	1.268467
1592.5	1.21904
1593	1.149075
1593.5	0.9664
1594	0.9759
1594.5	1.036075
1595	1.0892
1595.5	1.2474
1596	1.119575
1596.5	1.034025
1597	1.05635
1597.5	0.8823
1598	1.01825
1598.5	1.13995
1599	1.048475
1599.5	1.0379
1600	1.110925
1600.5	0.95765
1601	0.67795
1601.5	0.7831
1602	0.8604
1602.5	0.8525
1603	0.854233
1603.5	0.953567
1604	0.965367
1604.5	1.0079
1605	1.161333
1605.5	1.118467
1606	1.14115
1606.5	1.045017
1607	0.98668
1607.5	1.17245
1608	1.36695
1608.5	1.3063
1609	1.258566
1609.5	1.27364
1610	1.159933
1610.5	1.150883
1611	1.4697
1611.5	1.308983
1612	0.654606
1612.5	0.525012
1613	0.523153
1613.5	0.515556
1614	0.501229
1614.5	0.5132
1615	0.547706
1615.5	0.573231
1616	0.986606
1616.5	0.985712
1617	0.953662
1617.5	0.789791
1618	0.7559
1618.5	0.612209
1619	0.633258
1619.5	0.525082
1620	0.539209
1620.5	0.54841
1621	0.691945
1621.5	0.868131
1622	0.53914
1622.5	0.551747
1623	0.667455
1623.5	1.205855
1624	0.55428
1624.5	0.529074
1626.5	0.645572
1627	0.613442
1627.5	0.421746
1628	0.461771
1628.5	0.547838
1629	0.526479
1629.5	0.540579
1630	0.558608
1630.5	0.542393
1631	0.585336
1636	0.39415
1636.5	0.47609
1637	0.533085
1637.5	0.547485
1638	0.454495
1638.5	0.55918
1639	0.62427
1639.5	0.60819
1640	0.607705
1640.5	0.633695
1641	0.646071
1641.5	0.64336
1642	0.683635
1642.5	0.651367
1643	0.648635
1643.5	0.626735
1644	0.615848
1644.5	0.61015
1645	0.593543
1645.5	0.605392
1646	0.58415
1646.5	0.536323
1647	0.536854
1647.5	0.531821
1648	0.584508
1648.5	0.588954
1649	0.565971
1649.5	0.556431
1650	0.523854
1650.5	0.476618
1651	0.591364
1651.5	0.588333
1652	0.468136
1652.5	0.510336
1653	0.50835
1653.5	0.561709
1654	0.558382
1654.5	0.516608
1655	0.602236
1655.5	0.589211
1656	0.602375
1656.5	0.526775
1657	0.591775
1657.5	0.5749
1658	0.5992
1658.5	0.612775
1659	0.636725
1659.5	0.632375
1660	0.6208
1660.5	0.5995
1661	0.566875
1661.5	0.556625
1662	0.529025
1662.5	0.498675
1663	0.49775
1663.5	0.4792
1664	0.607475
1664.5	0.647675
1665	0.678525
1665.5	0.714475
1666	0.798425
1666.5	0.820075
1667	0.792825
1667.5	0.702225
1668	0.84035
1668.5	0.852225
1669	0.883425
1669.5	0.872725
1670	0.767425
1670.5	0.806825
1671	1.039625
1671.5	0.8896
1672	0.93465
1672.5	0.990025
1673	0.95015
1673.5	0.853625
1674	0.907
1674.5	0.951575
1675	0.999367
1675.5	0.83482
1676	0.729428
1676.5	0.668607
1677	0.652259
1677.5	0.53662
1678	0.697745
1678.5	0.634733
1681	0.516673
1682	0.58995
1682.5	0.611521
1683	0.697
1683.5	0.763355
1684.5	0.924
1685	0.742122
1685.5	0.7284
1686	0.678589
1686.5	0.654289
1687	0.689713
1687.5	0.624356
1688	0.556278
1688.5	0.499244
1689	0.327011
1689.5	0.2967
1690	0.734078
1690.5	0.6727
1691	0.620911
1691.5	0.552644
1692	0.560863
1692.5	0.534962
1693	0.6678
1693.5	0.627556
1694	0.612533
1694.5	0.591425
1695	0.5821
1695.5	0.595167
1697	0.54914
1697.5	0.576664
1698	0.516382
1698.5	0.478718
1699	0.420682
1699.5	0.398809
1700	0.37409
1700.5	0.357936
1701	0.361818
1701.5	0.383791
1702	0.372927
1702.5	0.33895
1703	0.354064
1703.5	0.326071
1704	0.392522
1704.5	0.380938
1705	0.331163
1705.5	0.33165
1706	0.381938
1706.5	0.463537
1707	0.4504
1707.5	0.380988
1708	0.427713
1708.5	0.4573
1709	0.451533
1709.5	0.5144
1710	0.5405
1710.5	0.539367
1711	0.5291
1711.5	0.51925
1712	0.479633
1712.5	0.53405
1713	0.543667
1713.5	0.488967
1714	0.48985
1714.5	0.6266
1715	0.6001
1715.5	0.61935
1716	0.575783
1716.5	0.632867
1717	0.629133
1717.5	0.62414
1718	0.59086
1718.5	0.64755
1719	0.58652
1719.5	0.58018
1720	0.56994
1720.5	0.6531
1721	0.62416
1721.5	0.515369
1722	0.573371
1722.5	0.5047
1723	0.458524
1723.5	0.447541
1724	0.35264
1724.5	0.367587
1725	0.350863
1725.5	0.5234
1727.5	0.361333
1728	0.403937
1728.5	0.439622
1729	0.467813
1729.5	0.480856
1730	0.516778
1730.5	0.47489
1731	0.519889
1731.5	0.514767
1732	0.547244
1732.5	0.6187
1733	0.56399
1733.5	0.571683
1735.5	0.74105
1736	0.75046
1736.5	0.621362
1737	0.654087
1737.5	0.602687
1738	0.538313
1738.5	0.61295
1739	0.590775
1739.5	0.5683
1740	0.5498
1740.5	0.599133
1741	0.5783
1741.5	0.569875
1742	0.507467
1742.5	0.5577
1743	0.5143
1743.5	0.50652
1744	0.407392
1744.5	0.417677
1745	0.420858
1745.5	0.440358
1746	0.407169
1746.5	0.371825
1747	0.3461
1747.5	0.346985
1748	0.351017
1748.5	0.427908
1749	0.432208
1749.5	0.510183
1750	0.412167
1750.5	0.447838
1760.5	0.569875
1761	0.460879
1761.5	0.495613
1762	0.492921
1762.5	0.510013
1763	0.549621
1763.5	0.633164
1764	0.721747
1764.5	0.6838
1765	0.574423
1765.5	0.569344
1766	0.6441
1766.5	0.98138
1767	0.940622
1767.5	0.869322
1768	1.026478
1768.5	1.03072
1769	1.108611
1769.5	0.909089
1770	1.05404
1770.5	1.031644
1771	0.949267
1771.5	0.94569
1772	0.87026
1772.5	0.91749
1773	0.91656
1773.5	0.83818
1774	0.71494
1774.5	0.70531
1775	0.69396
1775.5	0.52045
1776	0.784111
1776.5	0.83973
1777	0.86367
1777.5	0.81898
1778	0.69356
1778.5	0.69989
1779	0.72504
1779.5	0.66805
1780	0.60365
1780.5	0.568
1781	0.620027
1781.5	0.575108
1782	0.567133
1782.5	0.594933
1783	0.565925
1783.5	0.469542
1784	0.50105
1784.5	0.508875
1785	0.536575
1785.5	0.433308
1786	0.394133
1786.5	0.370358
1787	0.403858
1787.5	0.465683
1788	0.374058
1788.5	0.36215
1789	0.371127
1791.5	0.484012
1792	0.668692
1792.5	0.521225
1793	0.383683
1793.5	0.471683
1794	0.418958
1794.5	0.331108
1795	0.418325
1795.5	0.496358
1796	0.487217
1796.5	0.403083
1797	0.487383
1797.5	0.5025
1798	0.5616
1799	0.53056
1799.5	0.512085
1800	0.54022
1800.5	0.54235
1801	0.581386
1801.5	0.579043
1802	0.567617
1802.5	0.644029
1803	0.647767
1803.5	0.643629
1804	0.70895
1804.5	0.778543
1805	0.816657
1805.5	0.903317
1806	0.756129
1806.5	0.73775
1807	0.730367
1809.5	0.9445
1810	1.059387
1810.5	0.971562
1811	0.960967
1811.5	0.867675
1812	0.8635
1812.5	0.8613
1813	0.775
1813.5	0.775178
1814	0.752387
1814.5	0.616578
1815	0.637513
1815.5	0.688111
1816	0.724312
1816.5	0.719933
1817	0.654688
1817.5	0.730811
1818	0.622312
1818.5	0.5551
1819	0.589222
1819.5	0.577963
1820	0.610189
1820.5	0.512338
1821	0.501
1821.5	0.550488
1822	0.551067
1822.5	0.64805
1823	0.6458
1823.5	0.6445
1824	0.622533
1824.5	0.6076
1825	0.57175
1825.5	0.550967
1826	0.63815
1826.5	0.5277
1827	0.569067
1827.5	0.62345
1828	0.71275
1828.5	0.690533
1829	0.75595
1829.5	0.6976
1830	0.613067
1830.5	0.665733
1831	0.645125
1831.5	0.6466
1832	0.602333
1832.5	0.639425
1833	0.670933
1833.5	0.647325
1834	0.648933
1834.5	0.6538
1835	0.720775
1835.5	0.6473
1836	0.6338
1836.5	0.681325
1837	0.822333
1837.5	0.670233
1838	0.6203
1838.5	0.66015
1839	0.689833
1839.5	0.697667
1840	0.694733
1840.5	0.662867
1841	0.730367
1841.5	0.694467
1842	0.6617
1842.5	0.7206
1843	0.655133
1843.5	0.6715
1844	0.63295
1844.5	0.651133
1845	0.59615
1845.5	0.639333
1846	0.604475
1846.5	0.629075
1847	0.545233
1847.5	0.607025
1848	0.59465
1848.5	0.648
1849	0.582825
1849.5	0.55315
1853	0.5593
1853.5	0.5934
1854	0.5233
1854.5	0.53224
1855	0.552467
1855.5	0.44398
1856	0.48935
1856.5	0.46504
1857	0.53148
1857.5	0.489667
1858	0.44294
1858.5	0.50156
1859	0.457333
1859.5	0.5073
1860	0.417733
1860.5	0.42996
1861	0.45065
1861.5	0.38666
1862	0.400006
1862.5	0.395532
1863	0.398895
1863.5	0.5621
1864.5	0.4514
1865	0.46722
1865.5	0.4811
1866	0.4668
1866.5	0.4224
1867	0.561
1867.5	0.4815
1868	0.5573
1868.5	0.5585
1869	0.593367
1869.5	0.586833
1870	0.581
1870.5	0.6167
1871	0.584467
1871.5	0.642633
1872	0.780967
1872.5	0.8577
1873	0.6555
1873.5	0.568967
1874	0.6274
1874.5	0.5983
1875	0.592433
1875.5	0.637267
1876	0.662133
1876.5	0.675867
1877	0.631467
1877.5	0.6292
1878	0.649
1878.5	0.77695
1879	0.769267
1879.5	0.845767
1880	0.700833
1880.5	0.678
1881	0.7053
1881.5	0.705067
1882	0.848567
1882.5	0.836967
1883	0.802067
1883.5	0.876867
1884	0.742333
1884.5	0.87385
1885	0.790433
1885.5	0.800133
1886	0.8574
1886.5	0.899667
1887	0.844933
1887.5	0.830433
1888	0.884767
1888.5	0.991533
1889	1.027167
1889.5	0.922733
1890	0.81155
1890.5	0.8892
1891	0.841063
1891.5	0.782663
1892	0.915178
1892.5	1.011875
1893	0.9024
1893.5	0.759963
1894	0.8231
1894.5	0.857737
1895	0.787175
1895.5	0.820112
1896	0.812256
1896.5	0.7591
1897	0.727588
1897.5	0.6972
1898	0.751167
1898.5	0.768875
1899	0.694813
1899.5	0.667944
1900	0.590371
1900.5	0.566388
1901	0.582557
1901.5	0.587062
1902	0.554857
1902.5	0.576388
1903	0.561486
1903.5	0.517313
1904	0.553071
1904.5	0.596862
1905	0.595457
1905.5	0.51105
1906	0.559437
1906.5	0.651587
1907	0.60095
1907.5	0.694937
1908	0.596475
1908.5	0.665429
1909	0.7183
1909.5	0.701988
1910	0.689538
1910.5	0.699143
1911	0.6622
1911.5	0.8072
1912	0.65735
1912.5	0.71215
1913	0.6545
1913.5	0.69745
1914	0.7402
1914.5	0.74495
1915	0.5685
1915.5	0.5816
1916	0.4617
1916.5	0.45888
1917	0.45566
1917.5	0.667
1918	0.68574
1918.5	0.79506
1919	0.8425
1919.5	0.73382
1920	0.809025
1920.5	0.77896
1921	0.77264
1921.5	0.69814
1922	0.77582
1922.5	0.68332
1923	0.71246
1923.5	0.7243
1924	0.76642
1924.5	0.77638
1925	0.68856
1925.5	0.81028
1926	0.79474
1926.5	0.72922
1927	0.665525
1927.5	0.75418
1928	0.74446
1928.5	0.7231
1929	0.70926
1929.5	0.74758
1930	0.7418
1930.5	0.7524
1931	0.76556
1931.5	0.761217
1932	0.693862
1932.5	0.575711
1933	0.648188
1933.5	0.861362
1934	0.823
1934.5	0.737137
1935	0.765363
1935.5	0.742644
1936	0.7885
1936.5	0.751478
1937	0.775131
1937.5	0.759192
1938	0.7361
1939.5	0.74368
1940	0.760893
1940.5	0.77
1941	0.732207
1941.5	0.747329
1942	0.6967
1942.5	0.67865
1943	0.625686
1943.5	0.626836
1944	0.662979
1944.5	0.616257
1945	0.651436
1945.5	0.601936
1946	0.553833
1946.5	0.573675
1947	0.562309
1947.5	0.610167
1948	0.619617
1948.5	0.618791
1949	0.612267
1949.5	0.620492
1950	0.643464
1950.5	0.64725
1951	0.5864
1951.5	0.502025
1953.5	0.632491
1954	0.573627
1954.5	0.562458
1955	0.601817
1955.5	0.481645
1956	0.515617
1956.5	0.548033
1957	0.513955
1957.5	0.438733
1958	0.480359
1958.5	0.530389
1959	0.537115
1959.5	0.569762
1960	0.63455
1961.5	0.59042
1962	0.639063
1962.5	0.655156
1963	0.670296
1963.5	0.685948
1964	0.675956
1964.5	0.628048
1965	0.621519
1970	0.493086
1970.5	0.47102
1971	0.456833
1971.5	0.38968
1972	0.373113
1972.5	0.38006
1973	0.466053
1973.5	0.512373
1974	0.520513
1974.5	0.554973
1975	0.633887
1975.5	0.562827
1976	0.51578
1976.5	0.583233
1977	0.675392
1977.5	0.727433
1978	0.717117
1978.5	0.7354
1979	0.722255
1979.5	0.835357
1980	0.8807
1980.5	0.995864
1981	0.986231
1981.5	1.049254
1982	0.99035
1982.5	1.102567
1983	0.961573
1983.5	0.977892
1984	0.952275
1984.5	0.926508
1985	0.92315
1985.5	0.817617
1986	0.842917
1986.5	0.760546
1987	0.698917
1987.5	0.738383
1988	0.765817
1988.5	0.719433
1989	0.672717
1989.5	0.676575
1990	0.690133
1990.5	0.635346
1991	0.639508
1991.5	0.612018
1992	0.612312
1992.5	0.5776
1993	0.5996
1993.5	0.663125
1994	0.9137
1995	0.530236
1995.5	0.55873
1996	0.624813
1996.5	0.645723
1997	0.660758
1997.5	0.652483
1998	0.650568
1998.5	0.64707
1999	0.640786
1999.5	0.618777
2000	0.572008
2001.5	0.437733
2002	0.473327
2002.5	0.482374
2015	0.6006
2015.5	0.54222
2016	0.583209
2016.5	0.62191
2017	0.619664
2017.5	0.59853
2018	0.629309
2018.5	0.67444
2019	0.60238
2019.5	0.628364
2020	0.69323
2020.5	0.691709
2021	0.74482
2021.5	0.783964
2022	0.87684
2022.5	0.90647
2023	0.963678
2023.5	1.021067
2024	1.09654
2024.5	1.130389
2025	1.522714
2025.5	0.982767
2026	0.625
2026.5	1.19782
2027	1.2904
2027.5	1.1822
2028	1.177517
2028.5	1.130117
2029	1.5121
2029.5	1.101167
2030	1.31718
2030.5	1.28025
2031	1.26882
2031.5	1.33836
2032	1.1339
2032.5	1.1557
2033	0.85551
2033.5	0.49795
2034	1.08975
2034.5	0.92992
2035	0.91659
2035.5	0.95342
2036	1.001727
2036.5	0.95945
2037	0.85829
2037.5	0.77705
2038	0.83437
2038.5	0.735782
2039	0.799833
2041	0.7859
2041.5	0.726273
2042	0.703675
2042.5	0.670009
2043	0.598125
2043.5	0.597433
2044	0.6482
2044.5	0.696892
2045	0.616875
2045.5	0.659513
2046	0.672179
2046.5	0.67492
2047	0.7137
2047.5	0.676713
2048	0.648636
2048.5	0.682127
2049	0.727943
2049.5	0.706947
2050	0.710536
2050.5	0.681873
2051	0.641264
2051.5	0.710927
2052	0.645407
2052.5	0.5976
2054	0.754921
2054.5	0.705483
2055	0.663344
2055.5	0.662252
2056	0.58179
2058	0.5051
2058.5	0.544009
2061	0.527533
2061.5	0.529463
2062	0.524716
2062.5	0.5207
2063	0.529384
2063.5	0.497171
2064	0.590284
2064.5	0.585584
2076.5	0.43234
2077	0.468338
2077.5	0.467062
2078	0.521857
2078.5	0.527508
2079	0.5493
2079.5	0.606692
2080	0.566962
2080.5	0.609108
2081	0.610062
2081.5	0.640785
2082	0.637214
2082.5	0.519308
2083	0.505431
2083.5	0.403631
2084	0.428915
2084.5	0.487392
2085	0.599262
2085.5	0.625877
2086	0.546871
2086.5	0.612493
2087	0.609877
2087.5	0.537486
2088	0.504007
2088.5	0.530038
2089	0.514479
2089.5	0.488808
2090	0.496007
2090.5	0.500782
2091	0.6314
2091.5	0.604985
2092	0.568729
2092.5	0.559186
2093	0.586408
2093.5	0.496386
2094	0.448129
2094.5	0.4209
2095	0.44258
2099	0.752763
2099.5	0.74337
2100	0.74151
2100.5	0.786511
2101	0.71069
2101.5	0.680978
2102	0.62236
2102.5	0.6357
2104	0.6509
2104.5	0.720125
2105	0.703145
2105.5	0.618458
2106	0.6806
2106.5	0.665792
2107	0.646792
2107.5	0.619327
2108	0.654317
2108.5	0.637809
2109	0.69707
2109.5	0.60274
2110	0.68358
2110.5	0.632711
2111	0.75868
2111.5	0.76175
2112	0.7054
2112.5	0.798567
2113	0.74329
2113.5	0.76166
2114	0.764192
2114.5	0.721814
2115	0.674357
2115.5	0.589185
2116	0.726171
2116.5	0.668229
2117	0.653323
2117.5	0.601514
2119	0.732975
2119.5	0.58045
2120	0.571479
2120.5	0.558292
2121	0.576743
2121.5	0.554982
2122	0.50222
2122.5	0.42972
2123	0.50418
2123.5	0.47374
2124	0.59294
2124.5	0.5688
2125	0.58446
2125.5	0.63878
2126	0.56508
2126.5	0.63816
2127	0.52458
2127.5	0.62014
2128	0.59774
2128.5	0.64184
2129	0.620313
2129.5	0.621689
2130	0.65863
2130.5	0.643111
2131	0.69763
2131.5	0.701678
2132	0.73836
2147	0.564364
2147.5	0.524736
2148	0.640193
2148.5	0.61185
2149	0.495521
2149.5	0.495214
2150	0.52645
2150.5	0.530007
2151	0.509886
2151.5	0.4879
2152	0.568593
2152.5	0.605543
2153	0.506471
2153.5	0.5196
2154	0.575355
2154.5	0.59809
2155	0.604705
2155.5	0.631935
2156	0.636171
2156.5	0.63926
2157	0.607805
2157.5	0.65195
2158	0.6643
2159	0.63045
2159.5	0.674086
2160	0.663395
2160.5	0.663554
2161	0.6567
2161.5	0.582525
2162	0.688663
2162.5	0.671786
2163	0.718825
2163.5	0.748937
2164	0.715362
2164.5	0.739925
2165	0.798813
2165.5	0.803286
2166	0.719225
2166.5	0.842712
2167	0.785263
2167.5	0.808062
2168	0.8122
2168.5	0.8777
2169	0.800662
2169.5	0.712487
2170	0.7879
2175	0.78224
2175.5	0.829387
2176	0.80535
2176.5	0.8057
2177	0.815029
2177.5	0.813938
2178	0.883575
2178.5	0.8299
2179	0.986625
2179.5	0.897457
2180	0.976863
2180.5	0.912267
2181	0.883333
2181.5	0.871533
2182	0.949633
2182.5	0.7975
2183	1.05285
2183.5	0.8578
2184	0.83195
2184.5	1.012533
2185	0.984267
2185.5	0.930533
2186	0.880033
2186.5	0.9827
2187	0.985867
2187.5	0.9635
2188	0.854808
2188.5	0.8277
2189	0.725673
2189.5	0.702307
2190	0.64372
2192	0.6763
2192.5	0.775221
2193	0.714807
2193.5	0.649593
2194	0.659764
2194.5	0.59864
2195	0.6012
2196	0.563788
2196.5	0.598736
2197	0.5881
2197.5	0.523209
2198	0.5072
2198.5	0.495245
2199	0.576218
2199.5	0.651191
2200	0.6214
2200.5	0.603136
2201	0.61768
2201.5	0.63446
2202	0.683667
2202.5	0.629967
2203	0.65566
2203.5	0.67695
2204	0.719567
2204.5	0.69574
2205	0.692883
2205.5	0.712567
2206	0.73718
2206.5	0.77665
2207	0.7843
2207.5	0.764217
2208	0.786633
2208.5	0.78134
2209	0.771317
2209.5	0.827117
2210	0.81464
2210.5	0.820267
2211	0.9419
2211.5	0.80852
2212	0.838208
2212.5	0.867542
2213	0.78012
2213.5	0.87974
2214	0.705285
2214.5	0.71836
2215	0.747537
2215.5	0.776917
2216	0.720243
2216.5	0.767229
2217	0.74955
2217.5	0.694986
2218	0.742443
2218.5	0.68325
2219	0.699629
2219.5	0.680943
2220	0.713367
2220.5	0.691686
2221	0.655983
2221.5	0.647071
2222	0.585844
2222.5	0.659119
2223	0.717419
2223.5	0.691625
2224	0.74455
2224.5	0.80842
2225.5	1.0987
2226	0.9835
2226.5	0.866537
2227	0.83465
2227.5	0.900994
2228	0.93015
2228.5	0.913588
2229	0.664388
2229.5	0.777106
2230	0.661844
2230.5	0.619906
2231	0.639881
2231.5	0.6221
2232	0.6524
2232.5	0.5997
2233	0.585975
2233.5	0.63636
2234	0.65716
2234.5	0.64025
2235	0.60442
2235.5	0.49315
2236	0.5484
2236.5	0.564625
2237	0.4753
2237.5	0.46515
2238	0.41854
2238.5	0.448725
2239	0.47005
2239.5	0.50935
2240	0.4591
2240.5	0.428569
2241	0.460562
2241.5	0.480756
2242	0.393281
2242.5	0.521653
2243	0.39105
2243.5	0.419775
2244	0.40314
2244.5	0.402
2245	0.6256
2245.5	0.428667
2246	0.43415
2246.5	0.450967
2247	0.5716
2247.5	0.475833
2248	0.5125
2248.5	0.5145
2249	0.616167
2249.5	0.612933
2250	0.6885
2250.5	0.7359
2251.5	0.83405
2252	0.8733
2252.5	1.2097
2253	1.0887
2253.5	0.97455
2254	1.1445
2254.5	1.101333
2255	1.44675
2255.5	1.639167
2256	1.25225
2256.5	1.157267
2257	1.44065
2257.5	1.538433
2258	1.419433
2258.5	1.508
2259	1.4883
2259.5	1.4425
2260	1.641133
2260.5	1.4094
2261	1.8014
2261.5	1.5167
2262	1.9253
2262.5	1.64225
2263	1.5779
2263.5	1.3812
2264	1.33335
2264.5	1.3236
2265	1.245
2265.5	1.4256
2266	1.607375
2266.5	1.27176
2267	1.301
2267.5	1.36668
2268	1.25444
2268.5	1.20258
2269	1.09912
2269.5	1.0229
2270	1.02936
2270.5	0.5256
2271	0.47164
2271.5	0.84835
2272	0.89404
2272.5	1.002117
2273	0.87692
2273.5	0.83312
2274	0.782083
2274.5	0.7945
2275	0.784875
2275.5	0.768833
2276	0.6758
2276.5	0.7105
2277	0.717267
2277.5	0.7364
2278	0.670567
2278.5	0.64765
2279	0.6062
2279.5	0.618933
2280	0.64715
2280.5	0.5523
2281	0.5909
2281.5	0.58165
2282	0.571633
2282.5	0.4889
2283	0.641933
2283.5	0.576233
2284	0.59035
2284.5	0.591525
2285	0.7693
2285.5	0.609867
2286	0.554833
2286.5	0.524033
2287	0.5168
2287.5	0.540825
2288	0.479133
2288.5	0.53435
2293	1.034
2293.5	0.9957
2294	0.943107
2296.5	0.968617
2297	0.92206
2297.5	0.86666
2298	0.80645
2298.5	0.8487
2299	0.854683
2299.5	0.74368
2300	0.9088
2300.5	0.831267
2301	0.79888
2301.5	0.77998
2302	0.67005
2302.5	0.8452
2303	0.75255
2303.5	0.810762
2304	0.772714
2304.5	0.753707
2305	0.716487
2305.5	0.715007
2306	0.669393
2306.5	0.6367
2307	0.714
2307.5	0.708547
2308	0.699707
2308.5	0.636071
2309	0.723787
2309.5	0.631618
2310	0.576425
2310.5	0.55098
2311	0.4995
2311.5	0.48465
2312	0.53196
2312.5	0.631775
2313	0.645425
2313.5	0.55474
2314	0.4347
2314.5	0.5799
2315	0.5267
2315.5	0.615275
2316	0.683475
2316.5	0.60822
2317	0.690533
2319.5	0.692475
2320	0.70315
2320.5	0.780533
2321	0.69155
2321.5	0.75272
2322	0.6495
2322.5	0.76744
2323	1.03714
2323.5	0.810775
2324	0.7306
2324.5	0.7061
2325	0.79262
2325.5	0.75216
2326	0.7363
2326.5	0.77872
2327	0.8816
2327.5	1.04854
2328	1.057425
2328.5	1.24288
2329	1.16146
2329.5	1.220425
2330	1.29512
2330.5	1.311125
2331	1.32188
2331.5	1.3063
2332	1.2449
2332.5	1.32112
2333	1.282575
2333.5	1.3812
2334	1.311725
2334.5	1.3399
2335	1.32834
2335.5	1.1718
2336	1.06085
2336.5	1.33445
2337	1.088667
2337.5	1.274875
2338	1.2097
2338.5	1.2172
2339	1.344
2339.5	1.372125
2340	1.418067
2340.5	1.50975
2341	1.44825
2341.5	1.5395
2342	1.84585
2342.5	1.58155
2343	1.25675
2343.5	1.38815
2344	1.6764
2344.5	1.4045
2345	1.5458
2345.5	1.39315
2346	1.20265
2346.5	1.3228
2347	1.1357
2347.5	1.3661
2348	1.3034
2348.5	1.24245
2349	1.3578
2349.5	1.3026
2350	1.084133
2350.5	0.988567
2351	0.916569
2351.5	0.900773
2352	0.89616
2352.5	0.860056
2353	0.79218
2353.5	0.841613
2354	0.843836
2355.5	0.699169
2356	0.704294
2356.5	0.731587
2357	0.691647
2357.5	0.723088
2358	0.734027
2358.5	0.762257
2363	0.651521
2363.5	0.682494
2364	0.638969
2364.5	0.671044
2365	0.716353
2365.5	0.711344
2366	0.681513
2366.5	0.709247
2367	0.676013
2367.5	0.751065
2368	0.7252
2368.5	0.718782
2369	0.682329
2369.5	0.670939
2370	0.580235
2370.5	0.661139
2371	0.653429
2371.5	0.6328
2372	0.661861
2372.5	0.657147
2373	0.640814
2373.5	0.6799
2374	0.660455
2374.5	0.741382
2375	0.7392
2375.5	0.911491
2376	0.951609
2376.5	0.9624
2377	0.965164
2377.5	1.030355
2378	1.05188
2378.5	1.033191
2379	1.215973
2379.5	1.07993
2380	1.243245
2380.5	1.263
2381	1.43595
2381.5	1.400418
2382	1.471009
2382.5	1.47953
2383	1.6986
2383.5	1.595744
2384	1.40553
2384.5	1.35714
2385	1.1628
2385.5	1.08353
2386	0.867689
2386.5	0.82089
2387	0.881567
2387.5	0.83856
2388	0.86933
2388.5	0.818433
2389	0.7581
2390	0.706878
2390.5	0.665554
2391	0.730823
2391.5	0.77275
2392	0.729207
2392.5	0.805878
2393	0.767693
2393.5	1.028963
2394	0.401955
2394.5	0.568075
2395	0.5737
2395.5	0.601336
2396	0.605803
2396.5	0.583725
2397	0.569087
2397.5	0.604849
2398	0.633306
2398.5	0.618081
2399	0.604421
2401.5	0.504788
2402	0.533208
2402.5	0.610217
2403	0.618936
2403.5	0.531058
2404	0.592958
2404.5	0.7405
2406.5	0.57042
2407	0.687118
2407.5	0.743026
2408	0.741726
2408.5	0.780811
2409	0.795111
2409.5	0.819447
2410	0.806195
2410.5	0.770529
2411	0.772522
2411.5	0.779617
2412	0.684858
2412.5	0.655647
2413	0.769468
2413.5	0.784016
2414	0.785758
2414.5	0.981679
2415	0.92534
2415.5	1.025168
2416	0.916837
2416.5	1.000158
2417	0.982605
2417.5	1.049958
2418	1.029653
2418.5	1.141758
2419	1.051794
2419.5	1.113275
2420	1.084875
2420.5	1.162175
2421	1.01815
2421.5	1.0907
2422	1.060737
2422.5	1.089887
2423	1.190438
2423.5	0.9895
2424	1.043825
2424.5	1.032488
2425	1.014688
2425.5	0.892688
2426	0.977837
2426.5	0.911163
2427	0.9342
2430.5	0.492646
2431	0.52591
2431.5	0.5039
2432	0.517825
2432.5	0.507418
2433	0.491446
2433.5	0.515855
2434	0.514746
2434.5	0.501309
2435	0.52695
2435.5	0.449427
2436	0.460236
2436.5	0.525073
2437	0.513427
2437.5	0.4963
2438	0.506792
2438.5	0.4794
2439	0.432727
2439.5	0.408364
2440	0.468345
2440.5	0.4933
2441	0.4257
2441.5	0.46129
2442	0.506778
2442.5	0.432389
2443	0.510511
2443.5	0.529767
2444	0.516456
2444.5	0.41287
2445	0.40564
2447	0.448267
2447.5	0.491033
2448	0.5085
2448.5	0.500927
2449	0.5366
2449.5	0.5326
2450	0.511591
2450.5	0.511609
2451	0.5536
2451.5	0.573864
2452	0.715855
2452.5	0.709189
2456.5	0.6598
2457	0.62915
2457.5	0.6656
2458	0.5958
2458.5	0.735
2459	0.706633
2459.5	0.6381
2460	0.587267
2460.5	0.62515
2461	0.6255
2461.5	0.630233
2462	0.6854
2462.5	0.6963
2463	0.67965
2463.5	0.58795
2464	0.556025
2464.5	0.625275
2465	0.6046
2465.5	0.54058
2466	0.5905
2466.5	0.54995
2467	0.55675
2467.5	0.556175
2468	0.5487
2468.5	0.57655
2469	0.5517
2469.5	0.561625
2470	0.55575
2470.5	0.533
2471	0.577533
2471.5	0.561033
2472	0.57515
2472.5	0.532867
2473	0.556
2473.5	0.477767
2474	0.4944
2474.5	0.5215
2475	0.522
2475.5	0.556867
2476	0.505833
2476.5	0.489333
2477	0.5282
2477.5	0.552333
2478	0.498
2478.5	0.436033
2479	0.490533
2479.5	0.5216
2480	0.433933
2480.5	0.3837
2481	0.352533
2481.5	0.342825
2482	0.3446
2482.5	0.37015
2483	0.351025
2483.5	0.35648
2484	0.41455
2484.5	0.363325
2485	0.344025
2485.5	0.33816
2486	0.364225
2486.5	0.332925
2487	0.3697
2487.5	0.34164
2488	0.4337
2488.5	0.493843
2489	0.520325
2489.5	0.479462
2490	0.49328
2493	0.505333
2493.5	0.601689
2494	0.630733
2494.5	0.596011
2495	0.635844
2495.5	0.6855
2496	0.782511
2496.5	0.726063
2497	0.746211
2497.5	0.718822
2498	0.775889
2498.5	0.850433
2499	0.945578
2499.5	0.959113
2500	0.954383
2500.5	0.900083
2501	0.992133
2501.5	1.002014
2502.5	0.974425
2503	1.112533
2503.5	0.957667
2504	1.060367
2504.5	0.947767
2505	0.993414
2505.5	0.991917
2506	1.085067
2506.5	1.15145
2507	1.18965
2507.5	1.142567
2508	1.00085
2508.5	0.981557
2509	0.7725
2509.5	0.822007
2510	0.770921
2510.5	0.658493
2511	0.703836
2511.5	0.82592
2512	0.794729
2512.5	0.764612
2513	0.699343
2513.5	0.683087
2514	0.650514
2514.5	0.813087
2515	0.64825
2515.5	0.649829
2516	0.64065
2516.5	0.597471
2517	0.539125
2517.5	0.511114
2518	0.525063
2518.5	0.5147
2519	0.471979
2519.5	0.550184
2520	0.538773
2520.5	0.58384
2521	0.54156
2521.5	0.524003
2522	0.55282
2522.5	0.605495
2523	0.63229
2523.5	0.602387
2524	0.567707
2524.5	0.569997
2525	0.540815
2527	0.564
2527.5	0.529728
2528	0.476137
2528.5	0.48805
2529	0.496167
2529.5	0.4834
2530	0.484856
2530.5	0.51365
2531	0.522795
2531.5	0.4237
2532.5	1.08581
2533	0.637508
2535.5	0.984843
2536	1.000566
2536.5	0.934824
2537	0.577965
2540.5	0.382175
2541	0.371728
2541.5	0.367794
2542	0.377892
2542.5	0.356208
2543	0.373476
2543.5	0.359967
2547	1.05154
2547.5	1.15976
2548	1.243683
2548.5	1.13226
2549	1.256383
2549.5	1.2954
2550	1.031517
2551	0.9232
2551.5	0.85964
2552	0.871067
2552.5	0.81682
2553	0.7167
2553.5	0.67646
2554	0.67635
2554.5	0.5612
2555	0.50925
2555.5	0.599117
2556	0.794317
2556.5	0.676383
2557	0.765083
2557.5	0.701533
2558	0.63505
2558.5	0.633317
2559	0.65005
2559.5	0.640567
2560	0.6365
2560.5	0.622783
2561	0.64545
2561.5	0.6489
2562	0.620583
2562.5	0.63695
2563	0.6033
2563.5	0.623533
2564	0.59455
2564.5	0.59795
2565	0.555627
2565.5	0.56895
2566.5	0.675207
2567	0.693985
2567.5	0.708209
2568	0.698479
2568.5	0.700832
2569	0.743282
2569.5	0.721824
2570	0.68435
2570.5	0.700018
2571	0.714848
2571.5	0.784797
2572	0.787959
2573	0.6711
2573.5	0.739757
2574	0.758243
2574.5	0.765967
2575	0.684771
2575.5	0.709107
2576	0.769936
2576.5	0.761643
2577	0.654171
2577.5	0.663271
2578	0.623585
2578.5	0.681011
2579	0.72143
2579.5	0.92018
2580	0.80841
2580.5	0.91618
2581	0.94489
2581.5	1.071256
2582	1.13868
2582.5	1.12773
2583	1.25566
2583.5	1.38748
2584	1.34048
2584.5	1.5412
2585	1.222944
2585.5	1.34615
2586	1.42525
2586.5	1.30479
2587	1.19121
2587.5	1.26143
2588	1.290475
2588.5	0.760058
2591	0.722038
2591.5	0.716907
2592	0.666269
2592.5	0.704779
2593	0.756886
2593.5	0.705546
2594	0.676471
2594.5	0.645593
2595	0.562943
2595.5	0.576433
2596	0.5302
2596.5	0.576879
2597	0.550633
2597.5	0.4284
2598	0.434178
2598.5	0.412878
2599	0.477156
2599.5	0.461244
2600	0.510844
2600.5	0.493489
2601	0.506267
2601.5	0.515589
2602	0.508467
2604	0.524
2604.5	0.578692
2605	0.551579
2605.5	0.443369
2606	0.478693
2606.5	0.506392
2607	0.630036
2607.5	0.613692
2608	0.597479
2608.5	0.555823
2609	0.658679
2609.5	0.605693
2610	0.584397
2610.5	0.583936
2611	0.594952
2611.5	0.617545
2612	0.569472
2612.5	0.553773
2613	0.438126
2613.5	0.496354
2614	0.461409
2614.5	0.499882
2615	0.496233
2615.5	0.38279
2616	0.423205
2616.5	0.460085
2617	0.468587
2617.5	0.500527
2618	0.540709
2618.5	0.652741
2619	0.839111
2619.5	0.961228
2620	0.883517
2620.5	0.956672
2621	1.014416
2621.5	1.142453
2622	1.224171
2622.5	1.163667
2623	0.954143
2623.5	0.983757
2624	1.012967
2624.5	0.9133
2625	0.939571
2625.5	0.634789
2626	0.840444
2626.5	0.612233
2627	0.832744
2627.5	0.982278
2629.5	0.5667
2630	0.621911
2630.5	0.66881
2631	0.616127
2631.5	0.58798
2632	0.570018
2632.5	0.545508
2633	0.568464
2633.5	0.52985
2634	0.529207
2634.5	0.52575
2635	0.532283
2635.5	0.497325
2636	0.51132
2636.5	0.497275
2637	0.407175
2637.5	0.4422
2638	0.4379
2639.5	0.74805
2640	0.522133
2640.5	0.638533
2641	0.56745
2641.5	0.6228
2642	0.616367
2642.5	0.600233
2643	0.5586
2643.5	0.666333
2644	0.5396
2644.5	0.572167
2645	0.52018
2645.5	0.5609
2646	0.5591
2646.5	0.5805
2647	0.555814
2647.5	0.6223
2649	0.561554
2649.5	0.46535
2650	0.610877
2650.5	0.546375
2651	0.600325
2651.5	0.601508
2652	0.572633
2652.5	0.633577
2653	0.603317
2653.5	0.632017
2654	0.626717
2654.5	0.608925
2655	0.706337
2655.5	0.936029
2656	0.950033
2656.5	1.124741
2657	1.160576
2657.5	1.461857
2658	1.392554
2658.5	1.1621
2661	1.154933
2661.5	1.200338
2662	1.244187
2662.5	1.187227
2663	0.982161
2663.5	1.049646
2666	0.670968
2666.5	0.68039
2667	0.712644
2667.5	0.661632
2668	0.627214
2668.5	0.631222
2669	0.746691
2669.5	0.678287
2670	0.700591
2670.5	0.66393
2671	0.690823
2671.5	0.661225
2672	0.746125
2672.5	0.630712
2673	0.608169
2673.5	0.675237
2676	0.593615
2676.5	0.621135
2677	0.615623
2677.5	0.591096
2678	0.583881
2678.5	0.666646
2679	0.672635
2679.5	0.637458
2680	0.677972
2680.5	0.588957
2681	0.770077
2681.5	0.740577
2682	0.7677
2685	0.4905
2685.5	0.572933
2688	0.607608
2688.5	0.584878
2689	0.582633
2689.5	0.622152
2690	0.679392
2690.5	0.678665
2691	0.699962
2691.5	0.74014
2692	0.706465
2692.5	0.714217
2693	0.7486
2693.5	0.7689
2694	0.819185
2694.5	0.807671
2696	0.75553
2696.5	0.786675
2697	0.776054
2697.5	0.786927
2698	0.775733
2698.5	0.741556
2699	0.7797
2699.5	0.816922
2700	0.820011
2700.5	0.762527
2701	0.77515
2701.5	0.705709
2702	0.782446
2702.5	0.82538
2703	0.723091
2703.5	0.79393
2704	0.778673
2704.5	0.7803
2705	0.716404
2705.5	0.685633
2706	0.680314
2706.5	0.668311
2707	0.7063
2707.5	0.66695
2708	0.620822
2708.5	0.652075
2709	0.624067
2709.5	0.54155
2710	0.560864
2710.5	0.586633
2711	0.603529
2711.5	0.597867
2712	0.615643
2712.5	0.656693
2713	0.633157
2713.5	0.64334
2715	0.62125
2715.5	0.6585
2716	0.624967
2716.5	0.6634
2717	0.691133
2717.5	0.846383
2718	0.65246
2718.5	0.67512
2719	0.648467
2719.5	0.700033
2720	0.65768
2720.5	0.539814
2721	0.47496
2721.5	0.519933
2722	0.486533
2722.5	0.451927
2723	0.481087
2723.5	0.51836
2724	0.488281
2724.5	0.493013
2725	0.52398
2725.5	0.508867
2726	0.598236
2726.5	0.676493
2727	0.698993
2727.5	0.687927
2728	0.704193
2728.5	0.69554
2729	0.703787
2729.5	0.676986
2730	0.697947
2730.5	0.64534
2731	0.63652
2731.5	0.698814
2732	0.698853
2732.5	0.65584
2733	0.669214
2733.5	0.680033
2734	0.691333
2734.5	0.708953
2735	0.698821
2735.5	0.679707
2736	0.765207
2736.5	0.80945
2737	0.79496
2737.5	0.94772
2738	0.905471
2738.5	0.981777
2739.5	0.743528
2740	0.829229
2740.5	0.676532
2741	0.594781
2741.5	0.586219
2742	0.598986
2742.5	0.560087
2743	0.5155
2743.5	0.5447
2754	0.3249
2754.5	0.337167
2755	0.522933
2755.5	0.517133
2756	0.45425
2756.5	0.5228
2757	0.513
2757.5	0.486925
2758	0.55386
2758.5	0.50922
2759	0.522391
2759.5	0.52195
2760	0.52725
2760.5	0.52012
2761	0.50358
2761.5	0.51279
2762	0.4688
2762.5	0.49115
2763	0.48108
2763.5	0.44459
2764	0.5149
2764.5	0.37791
2765	0.43546
2765.5	0.49804
2766	0.50715
2766.5	0.506925
2767	0.54094
2767.5	0.505575
2768	0.530225
2768.5	0.52042
2769	0.484825
2769.5	0.5124
2770	0.4976
2770.5	0.4897
2771	0.48532
2771.5	0.504129
2772	0.486133
2772.5	0.492283
2773	0.498471
2773.5	0.57525
2774	0.536986
2774.5	0.5575
2775	0.549433
2775.5	0.653371
2776	0.606483
2776.5	0.613929
2777	0.630433
2777.5	0.64875
2778	0.592986
2778.5	0.687083
2779	0.721443
2779.5	0.665217
2780	0.559683
2780.5	0.703957
2781	0.638886
2781.5	0.6885
2782	0.696243
2782.5	0.761757
2783	0.745129
2783.5	0.678143
2784	0.820129
2784.5	0.677686
2785	0.676386
2785.5	0.821257
2786	0.813229
2786.5	0.792686
2787	0.787957
2787.5	0.7864
2788	0.5881
2793	0.580571
2793.5	0.578189
2794	0.5137
2796	0.5204
2796.5	0.542055
2797	0.531475
2797.5	0.530678
2798	0.521367
2798.5	0.560522
2799	0.5032
2799.5	0.499
2800	0.538611
2800.5	0.547413
